1.8404 2.9091 -0.032476 3.1442 0.2542 5.4283 2.1271 5.1932 -1.2317 0.73795
-1.8633 1.6467 0.21 1.1333 0.79 3.4667 -1.2833 3.98 -1.3087 0.27795
-1.0655 2.08 0.58324 2.0005 0.69169 4.251 -0.95709 4.3305 -1.1831 0.22461
0.82176 2.2614 -0.96212 1.9364 -1.3192 3.8959 0.46469 4.2209 -1.2 0.37795
1.4336 2.676 -0.28041 1.2615 -1.205 2.3818 0.50896 3.7964 -1.2 0.38811
1.1696 1.5267 -0.63025 1.5192 -0.63893 3.6196 1.161 3.6271 -1.2 0.40461
1.9106 2.4818 0.33608 2.0119 -0.31917 4.2076 1.2554 4.6775 -1.2 0.1972
1.7468 3.1263 -0.45 2.0636 -1.136 3.4818 1.0608 4.5445 -1.2 0.21364
0.85145 2.2484 -0.45036 1.1933 -1.8051 2.8649 -0.50333 3.92 -1.2 0.084614
-1.066 2.2618 0.30455 1.1727 1.6706 2.8919 0.29999 3.9809 -1.2 -0.23539
2.2008 1.7844 0.66818 1.3364 0.010699 3.5853 1.5433 4.0333 -1.2682 0.097948
1.4367 2.2236 -0.13036 1.3933 -1.1704 3.3564 0.39667 4.1867 -1.3554 0.18461
-0.48638 3.4085 1.1682 2.7364 2.0011 4.7866 0.34654 5.4588 -1.2 0.40865
-1.6511 2.3841 -0.27036 1.4933 0.95335 3.3901 -0.42741 4.2809 -1.3687 0.051281
-1.1233 1.5333 0.24786 0.7221 1.4349 2.7286 0.063741 3.5398 -1.2087 0.24461
1.2967 2.4067 -0.09 1.4733 -1.3167 3.2933 0.07 4.2267 -1.2754 0.25795
1.2066 2.324 -0.20502 1.6148 -1.2344 3.6635 0.17727 4.3727 -1.2 0.077273
-1.7056 2.1889 -0.81667 1.3889 0.58333 2.9444 -0.30556 3.7444 -1.1256 0.17436
-0.01413 2.4091 -1.085 2.1174 -1.6362 4.1411 -0.56539 4.4328 -1.2 0.064614
-0.20448 2.0052 0.75065 1.4988 1.8404 3.5545 0.88528 4.0609 -1.2 0.097948
-0.66868 2.0909 1.0369 1.1715 1.522 2.0714 -0.18353 2.9908 -1.2954 0.13795
1.0113 1.5996 0.09 0.97333 -1.0349 2.6283 -0.11364 3.2545 -1.2754 0.21795
1.0906 2.6607 -0.6233 1.9831 -1.453 4.0818 0.26092 4.7594 -1.2 0.32461
-1.3037 1.1933 0.35806 1.2174 0.32333 3.6133 -1.3384 3.5892 -1.2 0.031281
-0.93231 1.8273 0.91364 1.8273 0.91364 4.1636 -0.93231 4.1636 -1.2682 0.11538
1.0189 2.7054 -0.48636 2.0091 -1.4682 4.1315 0.037094 4.8278 -1.3631 0.14692
1.6096 2.1867 0.12876 1.3783 -0.95305 3.3601 0.52782 4.1685 -1.2 0.19795
4.1188 3.5875 2.7938 2.9 1.7438 4.925 3.0688 5.6125 -1.2913 0.13365
0.99 2.2333 -0.38333 1.2333 -1.6567 2.9867 -0.28333 3.9867 -1.1754 0.22273
1.6599 1.9398 0.32879 0.92727 -0.99026 2.6614 0.34089 3.6739 -1.3354 -0.26308
3.5109 3.4599 2.224 2.4974 0.93749 4.2175 2.2245 5.18 -1.2887 0.16461
1.1058 2.3138 -0.5037 1.8333 -1.1519 4.0049 0.45756 4.4853 -1.2 0.24461
-1.3136 3.7818 0.20153 2.9509 1.2724 4.9037 -0.24273 5.7346 -1.2 0.37902
-1.5687 2.0545 -0.014289 1.6274 0.56769 3.7455 -0.9867 4.1726 -1.1937 0.21538
-0.4748 2.2316 1.1859 1.8636 1.6524 3.9692 -0.0082967 4.3371 -1.1392 0.41538
-0.85855 1.3833 0.83132 1.2182 1.0331 3.2837 -0.65675 3.4488 -1.2 0.40629
-0.93168 1.8426 0.64951 1.6818 0.88683 4.0155 -0.69435 4.1763 -1.2 0.097201
-1.3909 2.5104 -0.095948 1.5727 1.236 3.412 -0.058975 4.3498 -1.2483 0.2972
1.1829 1.5523 -0.33231 0.9 -1.3446 3.2516 0.17067 3.9038 -1.2 0.25175
1.3864 1.3455 -0.40717 0.94948 -0.97681 3.5296 0.81672 3.9256 -1.2955 0.19545
1.5363 1.6064 -0.24091 0.89091 -1.1179 3.0692 0.65932 3.7847 -1.2483 0.27902
1.3045 1.7091 -0.35049 1.2646 -0.96841 3.5653 0.68663 4.0098 -1.1846 0.35175
1.195 1.3818 -0.50499 1.136 -0.83303 3.405 0.86692 3.6507 -1.1664 0.13356
1.0439 2.6564 -0.61364 1.0636 -1.8894 2.3913 -0.23187 3.9841 -1.3301 0.24266
1.3318 2.4455 -0.1508 1.6065 -1.3007 3.645 0.18189 4.484 -1.3028 0.35175
0.88225 2.1584 -0.88011 1.7785 -1.3641 4.0235 0.3983 4.4034 -1.2392 0.27902
-1.1002 2.655 0.4628 1.1112 1.7404 2.4091 0.17741 3.9529 -1.1318 0.2972
0.8586 2.3545 -0.85597 1.6727 -1.668 3.7147 0.046567 4.3966 -1.221 0.2972
-1.105 1.1727 0.53807 1.2133 0.48088 3.5292 -1.1622 3.4886 -1.2664 0.08811
-2.105 1.9273 -0.65744 1.0765 0.53182 3.1 -0.91578 3.9508 -1.2955 -0.58636
-1.9259 -0.066667 -0.62415 0.44134 -1.2759 1.9333 -2.5777 1.4253 -1.1773 -0.44091
-1.7563 2.1166 -0.50455 0.97273 1.0836 2.7107 -0.16818 3.8545 -1.7028 -0.39371
1.9271 1.15 -0.11218 1.6046 0.33761 3.6222 2.3769 3.1676 -1.2 0.24375
-1.5348 1.7636 0.3094 1.5699 0.53788 3.7455 -1.3064 3.9391 -1.3773 0.15
-2.5798 1.6573 -0.76818 0.12727 0.058694 1.1063 -1.7529 2.6364 -1.5318 0.26818
1.6281 0.80309 0.29802 1.6041 1.4624 3.5374 2.7924 2.7364 -1.4136 0.11364
1.9773 2.8273 0.40263 1.7934 -0.79545 3.6182 0.77919 4.652 -1.3318 0.15
-0.49494 2.1242 1.3327 1.4995 2.0197 3.5091 0.19203 4.1339 -1.3864 0.92273
-0.78742 3.3052 1.1561 2.6636 1.8349 4.7202 -0.10854 5.3618 -1.45 0.72273
-3.3742 3.7182 -1.75 2.4455 -0.9803 3.4273 -2.6045 4.7 -1.2773 -0.3
-2.1201 1.4251 -0.43485 0.45455 0.57163 2.2022 -1.1136 3.1727 -1.2 -0.077273
1.1929 2.4125 -0.74091 2.5818 -0.56052 4.6421 1.3733 4.4727 -1.2561 -0.13788
-1.1227 3.5273 0.81364 2.8727 1.5045 4.9091 -0.43182 5.5636 -1.3773 -0.40455
-1.9243 1.9934 -0.28636 0.67273 0.94442 2.1992 -0.6935 3.5198 -1.2 -0.3
-2.4591 1.7 -0.64091 0.18182 -0.10455 0.81818 -1.9227 2.3364 -1.2 -0.55
-1.1045 3.8455 0.72273 3.1182 1.4864 5.0273 -0.34091 5.7545 -1.1682 -0.11364
3.5295 4.0011 1.9227 2.8636 1.1705 3.9285 2.7772 5.066 -1.2 -0.013636
1.55 2.9727 -0.46818 2.8727 -0.56818 4.9455 1.45 5.0455 -1.4227 -0.35
-2.45 0.88182 -0.81854 0.0078205 -0.27727 1.0182 -1.9087 1.8922 -1.3045 -0.58636
-0.34091 3.6727 1.4045 2.6273 2.4773 4.4273 0.73182 5.4727 -1.2773 -0.12273
-1.1591 2.2727 0.29398 1.5958 1.2125 3.564 -0.24061 4.2409 -1.2 -0.46466
1.3045 2.5727 -0.00055821 1.9769 -0.80636 3.7533 0.49875 4.3491 -1.2 -0.059091
-1.7402 1.4004 -0.19545 0.91818 0.45926 3.0187 -1.0855 3.501 -1.2 -0.55609
-1.3621 2.6364 -0.14909 1.9046 0.86979 3.591 -0.34319 4.3228 -1.2379 -0.12273
-1.3591 2.1909 -0.46841 1.3846 1.049 3.0643 0.15834 3.8706 -1.1743 -0.010633
0.18792 3.8818 1.024 3.1021 2.3955 4.5727 1.5594 5.3524 -1.2561 -0.147
-2.9853 3.5886 -2.1227 2.8091 -0.77339 4.3024 -1.636 5.0818 -1.2 -0.036022
-1.3996 1.5455 -0.013472 0.39283 1.4136 2.1091 0.027474 3.2617 -1.2 0.12573
-1.1796 1.7871 0.46679 0.85652 1.6061 2.8722 -0.040268 3.8028 -1.2 -0.010633
1.1045 2.6727 -0.90455 2.1182 -1.5227 4.3727 0.48636 4.9273 -1.2 0.49846
-1.4059 2.0531 0.69695 1.5725 1.2271 3.8921 -0.87572 4.3727 -1.2 0.5367
0.80537 2.4178 -0.90873 1 -2.4155 2.8216 -0.70137 4.2394 -1.147 0.53534
-2.6896 2.7967 -0.78481 1.3 0.60636 3.0706 -1.2985 4.5672 -1.1556 1.099
-1.5591 3.9727 0.35037 2.2628 1.9061 4 -0.0033586 5.71 -1.2 0.36398
-1.8542 2.1727 -0.40353 1.0979 1.0899 3.1137 -0.36071 4.1885 -1.2 0.3717
-1.786 3.1349 0.25259 1.9 1.4152 3.8192 -0.62346 5.0541 -1.2227 0.96379
1.2605 2.1137 -0.23182 1.2455 -1.4053 3.2623 0.08701 4.1306 -1.1482 1.1911
-0.33453 1.8357 1.1409 1.3659 1.8371 3.5525 0.36165 4.0223 -1.2 0.16136
2.0273 2.9187 0.71364 1.8771 -0.76365 3.7402 0.55 4.7818 -1.2773 -0.063485
1.8817 1.7044 0.14091 0.77273 -0.92715 2.7683 0.81364 3.7 -1.45 0.52273
1.3773 1.5182 -0.2415 1.0201 -0.97048 3.3825 0.64829 3.8806 -1.2 0.32742
1.2544 2.2583 -0.29014 1.082 -1.7545 3.0048 -0.21002 4.1811 -1.0897 0.076364
1.4136 2.3636 0.013636 1.4455 -1.3318 3.5 0.068182 4.4182 -1.1502 0.14909
1.4535 1.5825 -0.18212 1.0182 -0.93545 3.2016 0.70018 3.7659 -1.2502 0.05697
-1.1376 1.4672 0.51182 1.0364 1.1413 3.4642 -0.50816 3.895 -1.2 0.42258
1.5136 1.7182 -0.11364 0.87273 -1.1773 2.9182 0.45 3.7636 -1.2 0.48197
1.2561 2.1248 -0.095455 1.0862 -1.5015 2.9159 -0.15 3.9545 -1.2 0.19545
-1.4136 2.1727 0.05 1.2909 1.1955 3.1909 -0.26818 4.0727 -1.2 0.30364
1.09 2.2048 -0.16818 1.1255 -1.7628 2.9843 -0.50455 4.0636 -1.1229 0.077121
-1.3864 1.3364 0.15 0.95455 0.71364 3.2182 -0.82273 3.6 -1.2 0.1197
-1.6227 0.95455 0.14782 0.76926 0.38925 3.0762 -1.3813 3.2615 -1.2 0.21985
1.6374 1.5091 0.025928 0.5501 -1.1792 2.5752 0.43228 3.5342 -1.2 0.31652
1.3955 1.7727 -0.49568 0.88893 -1.4418 2.9137 0.44937 3.7975 -1.1229 0.62409
0.91151 2.225 -0.41067 1.0981 -1.8864 2.8294 -0.56418 3.9564 -1.0956 0.38621
1.3227 2.6745 -0.20647 1.4087 -1.672 3.1746 -0.1428 4.4405 -1.2 0.53758
2.1591 3.1545 -0.0080753 3.0994 -0.066907 5.4625 2.1003 5.5176 -1.2 0.40015
-1.2955 1.2044 0.39557 1.2505 0.33182 3.5909 -1.3592 3.5449 -1.1045 0.38636
-2.1155 3.3628 -0.80455 2.3408 0.60632 4.1512 -0.70467 5.1732 -1.1591 0.05
0.98636 1.9771 -0.5588 1.2448 -1.5509 3.3365 -0.0056928 4.0688 -1.2 0.05
4.2591 3.7636 2.9045 3 1.8773 4.8182 3.2318 5.5818 -1.2 0.0045455
1.6981 2.2531 0.29151 1.1818 -1.1151 3.0287 0.29151 4.1 -1.2561 0.089394
1.0557 1.9844 -0.25909 0.84076 -1.783 2.5928 -0.46818 3.7364 -1.2 0.25
-0.28636 2.0818 1.0136 1.3455 2.0864 3.2364 0.78636 3.9727 -1.2 0.13652
-0.92273 1.4091 0.068182 1.5545 -0.22273 3.5091 -1.2136 3.3636 -1.1773 0.031818
3.5591 3.8 1.8163 2.5066 0.94091 3.6862 2.6837 4.9796 -1.2 0.013636
-1.3227 2.4273 -0.059091 1.5636 1.1591 3.3364 -0.10455 4.2 -1.2 0.18197
0.80455 2.3091 -0.34091 1.2818 -1.8318 2.9455 -0.68636 3.9727 -1.1409 0.15909
2.5864 3.5771 0.82791 1.8883 -0.75909 3.5408 0.99936 5.2296 -1.1773 0.51364
-2.0318 2.0364 -0.35 0.95455 1.0318 3.1 -0.65 4.1818 -1.2 0.34561
-2.3849 2.4077 -0.65 1.0455 0.8425 2.9462 -0.89237 4.3084 -1.2 0.32742
1.4864 1.8727 -0.18636 1.2091 -1.1045 3.5091 0.56818 4.1727 -1.1453 0.5547
-1.4045 2.4455 0.65909 1.0909 1.9318 3.0273 -0.13182 4.3818 -1.2453 0.53652
-1.4256 2.0093 1.0136 1.8727 1.1347 4.0362 -1.3045 4.1727 -1.2 0.80015
1.7227 2.2182 0.18636 0.83636 -1.3682 2.5636 0.16818 3.9455 -1.2 0.46379
-1.4051 1.2388 1.0227 1.3636 0.9003 3.7455 -1.5276 3.6207 -1.2 0.69106
-2.3409 2.6547 -0.42273 2.3909 -0.12274 4.5726 -2.0409 4.8364 -1.2 0.82273
0.94091 2.1273 -0.60476 2.1341 -0.59235 4.2432 0.95332 4.2363 -1.2 0.10924
1.1955 2.2909 -0.19545 1.6 -1.1227 3.4636 0.26818 4.1545 -1.2 0.20924
-1.0227 1.9455 0.39545 1.4 1.15 3.3545 -0.26818 3.9 -1.2 0.095455
0.71254 1.2607 -0.36818 0.64985 -1.4489 2.5619 -0.36818 3.1727 -1.2 0.17727
-1.2182 1.9591 -0.2 1.3136 0.39091 2.2409 -0.62727 2.8864 -1.2 0.0092424
0.99545 2.3909 -0.36818 1.2818 -1.6773 2.8818 -0.31364 3.9909 -1.2 -0.0045455
-1.6955 2.1818 0.19158 1.4715 0.8135 3.1238 -1.0735 3.8341 -1.2 -0.01803
0.91364 2.0818 -0.077273 1.5727 -1.0136 3.3909 -0.022727 3.9 -1.2 0.22742
-1.7952 2.6808 -0.068182 1.4727 1.3726 3.5324 -0.35442 4.7405 -1.2 0.26379
-2.2632 2.7356 -0.32454 1.2267 0.99545 2.9182 -0.94317 4.4271 -1.2 0.29106
0.83182 0.97273 -0.84091 0.88182 -0.97727 3.3455 0.69545 3.4364 -1.2 0.26379
-0.80455 2.0091 0.80455 1.3727 1.6318 3.4636 0.022727 4.1 -1.2 0.11364
1.2591 2.5273 0.05 1.3636 -1.4864 2.9545 -0.27727 4.1182 -1.2 0.17288
1.55 2.5455 -0.25909 1.2727 -1.7045 3.3273 0.10455 4.6 -1.2 -0.18636
-1.3773 2.0909 0.52273 0.94545 1.4864 2.5455 -0.41364 3.6909 -1.2 -0.027121
1.3409 2.3091 -0.18636 1.2818 -1.4955 3.2273 0.031818 4.2545 -1.2 0.25909
-1.8773 2.6727 0.11364 1.4545 1.3045 3.4 -0.68636 4.6182 -1.2 0.00015148
-0.83182 1.3636 0.74091 1.3091 0.81364 3.4727 -0.75909 3.5273 -1.2 0.20924
-1.35 1.6182 0.022727 0.73636 1.3318 2.7727 -0.040909 3.6545 -1.1089 0.42742
1.1227 1.9182 -0.27727 0.96364 -1.5864 2.8818 -0.18636 3.8364 -1.2 0.24091
0.62273 2.5909 -1.05 1.8636 -1.4864 2.8636 0.18636 3.5909 -1.1817 0.054697
2.0409 5.5364 0.024733 5.2809 -0.021497 5.697 1.9947 5.9524 -1.2 0.26379
2.0434 -0.19167 0.10455 0.74545 0.85125 2.2844 2.7901 1.3473 -1.2 -0.3
1.8682 3.1182 -0.25 2.2091 -0.85 3.6091 1.2682 4.5182 -1.2 0.26379
-2.1227 1.7636 -0.15 1.8091 -0.20455 4.3 -2.1773 4.2545 -1.2 0.32273
-1.8307 2.4552 -0.59545 1.2909 0.90343 2.8812 -0.33182 4.0455 -1.2 0.46818
1.8541 2.5957 0.52787 1.5455 -0.98016 3.4498 0.34605 4.5 -1.2561 0.39849
1.637 2.8455 -0.099278 1.3168 -1.194 2.5602 0.54225 4.0888 -1.1833 0.22576
-1.4877 1.8501 -0.00029657 1.1257 1.0335 3.2483 -0.45395 3.9727 -1.2106 0.1803
2.0045 3.0091 0.27727 1.6091 -0.85909 3.0091 0.86818 4.4091 -1.1742 0.22576
0.90969 1.8 -0.72731 0.97445 -1.8208 3.137 -0.18385 3.9625 -1.2106 0.034849
0.73696 2.6 -0.73311 1.6812 -1.893 3.537 -0.42289 4.4558 -1.2 0.27121
-1.2778 1.9422 0.39151 1.7545 0.67247 4.2536 -0.9968 4.4413 -1.2833 -0.34697
0.89478 2.5448 -0.33182 1.3364 -1.9715 3.0007 -0.74486 4.2091 -1.2 -0.010606
-1.0349 2.0701 0.55514 1.8636 0.83469 4.0161 -0.75538 4.2226 -1.2 -0.14697
0.87727 2.0727 -0.52273 1.1182 -1.8227 3.0273 -0.42273 3.9818 -1.2 0.29849
2.3591 2.2273 0.38636 0.93636 -0.53182 2.3364 1.4409 3.6273 -1.2 0.21667
1.3227 2.0455 -0.16818 1.3273 -1.15 3.3636 0.34091 4.0818 -1.1652 0.19849
-1.7106 2.1392 0.12585 2.1545 0.10722 4.3906 -1.7292 4.3753 -1.2561 0.21667
0.85 1.9545 -0.39545 0.86364 -1.9136 2.6 -0.66818 3.6909 -1.2 0.016667
1.0045 1.7091 -0.022727 1.2364 -0.89545 3.1273 0.13182 3.6 -1.1833 -0.26515
2.9895 2.6091 1.9489 2.0503 0.94498 3.9272 1.9855 4.486 -1.2 -0.5197
1.4591 2.9727 -0.48636 2.1273 -0.91364 3.1091 1.0318 3.9545 0.086364 0.69545
0.60455 1.8091 -0.38275 1.3203 -1.2787 3.1273 -0.29136 3.6161 -1.2 0.10758
3.4643 3.4879 2.2804 2.7455 1.2518 4.3856 2.4358 5.1281 -1.2 -0.16515
3.1848 4.1677 1.2682 3.1455 0.75146 4.1184 2.6681 5.1406 0.11364 0.61364
1.0044 1.8544 -0.15909 0.90909 -1.474 2.5274 -0.31051 3.4727 -1.1682 -0.39242
0.49545 2.5364 -1.1773 1.2909 -1.9409 2.3182 -0.26818 3.5636 -0.059091 0.42273
-1.2955 2.5636 0.10455 1.8909 1.0409 3.8455 -0.35909 4.5182 -1.2379 0.098485
0.79545 2.0545 -0.4716 1.1714 -1.7697 3.0272 -0.50267 3.9103 -1.2379 -0.36515
0.83182 2.2545 -0.38636 1.3364 -1.6136 2.9636 -0.39545 3.8818 -1.1833 0.22576
3.1253 3.7905 1.7707 2.7902 0.40759 4.636 1.7622 5.6364 -1.2 0.49849
-2.5269 2.4871 -0.85597 2.0545 -0.33989 4.048 -2.0108 4.4806 -1.2 0.12576
1.4713 1.2455 -0.072598 1.7184 0.58241 3.8565 2.1263 3.3835 -1.2 0.34394
0.87131 1.5727 -0.98959 1.3048 -1.3269 3.6206 0.53404 3.8886 -1.2 0.12576
-1.5522 2.073 -0.11308 1.1471 1.2077 3.2 -0.23149 4.1259 -1.2 0.30758
0.79545 2.4091 -0.62273 1.6818 -1.5864 3.5727 -0.16818 4.3 -1.2 0.0075761
2.555 3.4152 1.1591 2.7 0.20272 4.5667 1.5986 5.2818 -1.2 -0.3
-1.556 1.9455 0.028592 1.3444 0.85312 3.5182 -0.73143 4.1192 -1.2 0.034849
0.65909 2.5273 -0.60455 1.3818 -2.1227 3.0545 -0.85909 4.2 -1.2 0.10758
-1.7318 2.3636 -0.29545 1.0182 1.2136 2.6273 -0.22273 3.9727 -1.0924 0.80758
-1.5741 2.7545 0.36638 2.1848 0.99545 4.3273 -0.94507 4.897 -1.2 0.51667
-2.3897 2.9092 -0.33636 2 0.62556 4.1724 -1.4278 5.0816 -1.2 1.2136
1.1119 2.2727 -0.47727 1.6909 -1.2528 3.8091 0.33636 4.3909 -1.25 0.22273
-1.8911 2.9986 -0.10909 1.7818 0.86394 3.2069 -0.91808 4.4236 -1.1227 0.35909
-0.91364 1.9273 1.1682 1.6909 1.4409 4.1 -0.64091 4.3364 -1.1045 0.39545
0.99091 1.9364 -0.97853 1.1486 -1.8525 3.3335 0.11693 4.1213 -1.2 0.52273
4.4902 3.4366 2.4818 2.5727 1.5825 4.6634 3.5909 5.5273 -1.2 0.50455
1.5696 1.6209 -0.35909 0.68182 -1.4378 2.8972 0.49091 3.8364 -1.1136 0.74091
-0.98381 3.3391 1.144 2.7727 1.79 5.1999 -0.33781 5.7662 -1.2 1.2167
-0.64091 2.4091 1.4227 1.8818 2.1045 4.5545 0.040909 5.0818 -1.2 0.18939
-3.705 3.453 -1.7469 3 -1.1866 5.4217 -3.1446 5.8748 -1.2 1.2621
1.1895 2.6727 -0.78569 1.7349 -1.8552 3.9876 0.11995 4.9254 -1.2288 0.3803
-1.3409 2.0909 0.75909 1.8091 1.0682 4.1364 -1.0318 4.4182 -1.2 0.48636
1.2677 2.3867 -0.81364 2.1182 -1.1086 4.4042 0.97273 4.6727 -1.2136 0.48636
0.88636 3.6455 -0.72273 2.2455 -1.8409 3.5273 -0.23182 4.9273 -1.2 -0.068182
1.3931 1.5697 -0.92492 1.6667 -0.85896 3.297 1.4591 3.2 -1.2 0.17727
0.79882 2.5523 -0.94545 2.2545 -1.3524 4.6381 0.39188 4.9359 -1.2591 0.13182
1.95 2.2364 0.19545 1.2727 -0.90455 3.2818 0.85 4.2455 -1.2 0.42273
0.86617 1.3764 -0.64894 0.074518 -1.4747 1.0355 0.040368 2.3375 -1.3112 -0.3781
-0.91364 1.1818 -0.095455 0.37273 1.3591 1.8364 0.54091 2.6455 -1.607 -0.67066
-1.402 0.19091 0.025551 0.20425 0.0084225 2.037 -1.4191 2.0237 -1.4252 -0.29545
1.8909 0.35 0.53636 0.29545 0.46364 2.0682 1.8182 2.1227 -1.3409 -0.3
-0.90455 1.3455 0.15 0.72727 1.1682 2.4727 0.11364 3.0909 -1.4657 -0.49298
-1.5409 2.4909 -0.068182 1.0455 0.85 1.9818 -0.62273 3.4273 -1.493 -0.43843
1.0217 0.23271 -0.047469 0.26777 -0.010091 1.4078 1.0591 1.3727 -1.5252 -0.3
-1.5674 0.20228 -0.53636 0.14091 -0.45367 1.5008 -1.4847 1.5622 -1.4864 -0.3
1.6208 1.1318 0.44757 0.56281 -0.42322 2.3583 0.75 2.9273 -1.4715 -0.12438
-1.0591 0.16364 -0.097675 0.56333 -0.80455 2.2636 -1.766 1.8639 -1.5194 -0.3
-2.1212 1.3 -0.5014 -0.04524 0.34403 0.97273 -1.2757 2.318 -1.2 -0.83149
-1.3745 2.2376 0.087917 0.87273 0.70486 1.5337 -0.75754 2.8986 -1.3652 -0.60455
-0.93182 0.95455 -0.26818 0.40909 1.0591 2.0364 0.39545 2.5818 -1.3743 -0.85609
2.0227 0.6449 0.33222 0.83465 0.43222 1.717 2.1227 1.5273 -1.2652 -0.82273
0.61771 1.2157 -1.1607 0.57836 -1.445 1.3717 0.33337 2.0091 -1.3773 -0.63182
0.67727 1.3091 0.059091 0.81818 -1.2227 2.4364 -0.60455 2.9273 -1.347 -0.847
-2.1303 0.75455 -0.598 0.67127 -0.55 1.5545 -2.0823 1.6378 -1.4136 -0.92273
1.6885 0.16257 0.44732 0.80904 0.83393 1.5525 2.0752 0.90606 -1.351 -0.89747
0.91249 1.2827 -1.0502 0.54668 -1.5239 1.8099 0.43876 2.5459 -1.2955 -0.49545
1.4318 0.69091 0.18636 0 -0.26818 0.80909 0.97727 1.5 -1.3136 -0.52273
-1.4227 2.2091 0.14034 0.67345 1.5869 2.1459 0.023856 3.6815 -1.5591 -0.38636
1.1782 1.4605 -0.17727 1.3545 -0.35095 3.5758 1.0045 3.6818 -1.45 -0.46818
1.4045 1.4182 -0.21795 0.34203 -1.5045 2.2818 0.11795 3.358 -1.4318 -0.22273
-1.1461 1.357 -0.43182 0.82727 0.7871 2.471 0.072773 3.0007 -1.1682 -0.65909
1.3955 2.3545 -0.049046 1.0545 -1.4335 2.5909 0.010961 3.891 -1.4409 -0.35909
0.78907 1.5191 -0.65465 1.4802 -0.71364 3.6727 0.73008 3.7116 -1.3227 -0.059091
-0.89681 3.3088 1.0298 3.2374 1.05 3.7818 -0.87665 3.8532 -1.5773 -0.87727
1.6864 1.3545 -0.70517 0.46806 -1.4897 2.5845 0.90183 3.471 -1.4045 -0.30455
1.4547 1.5016 -0.52273 0.51818 -1.1817 1.8465 0.7958 2.8299 -1.45 -0.47727
1.1955 2 -0.3088 0.57143 -1.7864 2.1273 -0.28211 3.5558 -1.6045 -0.39545
-1.3713 1.6086 0.46818 1.4 0.70383 3.478 -1.1357 3.6866 -1.4955 -0.022727
0.85909 1.0727 -1.0538 0.83212 -1.3608 3.2734 0.55201 3.514 -1.4773 -0.38636
-2.7006 1.0982 -0.19545 0.45455 0.064598 1.4666 -2.4406 2.1103 -1.2682 -0.63182
1.9045 0.78182 -0.89544 0.7267 -0.92986 2.4749 1.8701 2.53 -1.5591 -0.65
1.2864 0.54545 -0.81364 0.64545 -0.72273 2.5273 1.3773 2.4273 -1.3409 -0.3
1.0318 2.0364 -0.88636 0.52727 -1.85 1.7545 0.068182 3.2636 -1.3864 -0.75909
-1.1844 1.7932 0.27669 0.35512 1.3409 1.4364 -0.12018 2.8744 -1.2955 -0.30455
-1.389 0.68679 0.90202 0.60824 0.95909 2.2727 -1.3319 2.3513 -1.1773 -0.33182
1.5101 0.96162 -0.40455 0.43636 -0.79946 1.8759 1.1152 2.4011 -1.2157 -0.42273
1.5356 1.7148 -0.21364 0.63636 -1.1629 2.1761 0.58636 3.2545 -1.2318 -0.56818
1.6856 1.6804 -0.27121 0.61818 -1.1167 2.1694 0.84009 3.2317 -1.2 -0.45909
1.6707 0.7696 -0.27389 0.38258 -0.66818 2.3636 1.2764 2.7507 -1.3591 -0.45909
1.2541 2.0636 -0.35561 0.54922 -1.0278 1.2636 0.58193 2.7781 -1.4983 -0.7165
0.99836 0.054283 0.40455 0.49091 0.93501 1.2269 1.5288 0.79031 -1.4672 -0.97626
1.6409 1.25 -0.25 0.75909 -0.50455 1.7318 1.3864 2.2227 -1.4318 -0.55
1.6864 0.9 0.84091 0.50909 0.15909 1.9727 1.0045 2.3636 -1.2652 -0.12879
1.7839 0.4377 0.89964 0.064463 0.099312 1.9509 0.98359 2.3242 -1.264 -0.3
0.98643 2.3811 0.058551 1.9648 -0.81364 3.9182 0.11424 4.3344 -1.2723 -0.3
-1.7422 0.40087 -0.51364 0.91818 -0.89604 1.8264 -2.1247 1.3091 -1.5167 0.014647
1.8658 0.98072 0.98435 0.57053 0.34543 1.9435 1.2269 2.3537 -1.4277 -0.3
2.0904 1.5889 0.63569 1.1642 0.43162 1.8662 1.8864 2.2909 -1.4037 -0.3
-1.9446 0.3956 -0.552 0.74601 -0.74955 1.5311 -2.1422 1.1807 -1.393 -0.3
-1.4454 0.36185 -0.6371 -0.026132 -0.17806 0.9302 -0.98636 1.3182 -1.436 -0.14587
1.65 0.31818 0.96725 0.40144 1.15 1.9 1.8328 1.8167 -1.4227 -0.20455
1.0844 1.7727 -0.59036 0.78912 -1.0773 1.6182 0.59753 2.6018 -1.4167 -0.48636
-1.2638 1.916 0.57636 0.99596 1.0026 1.8485 -0.83755 2.7685 -1.2985 0.16515
-1.0045 1.6727 -0.27877 1.1031 1.0352 2.7772 0.30944 3.3468 -1.4864 0.23182
1.0117 2.0404 0.42722 1.4939 -1.0065 3.0273 -0.42198 3.5738 -1.3672 0.45303
1.0081 2.0399 0.44091 1.4727 1.7718 0.14187 2.339 0.70909 -1.3621 0.46515
1.5859 1.4424 0.35433 0.46978 -1.0124 2.2005 0.21924 3.1731 -0.95625 -0.30899
1.3665 2.4336 -0.05654 1.0283 -0.96755 1.9509 0.45549 3.3561 -1.0912 -0.33125
1.6305 0.88645 0.65345 0.7482 0.40676 2.4918 1.3838 2.63 -0.97887 -0.32277
1.1668 1.6817 -0.56075 0.52552 -1.3931 1.7693 0.33448 2.9254 -1.1506 -0.13125
1.419 0.56171 -0.16646 1.0173 0.081908 1.8816 1.6674 1.426 -1.2626 -0.57693
-2.1158 1.4007 -0.70836 0.5405 0.34838 2.2695 -1.059 3.1297 -1.2063 -0.04375
1.6752 3.6846 2.668 3.035 3.6788 4.58 2.6861 5.2296 -1.2599 -0.49375
1.6987 3.8463 0.57768 4.0957 0.97821 5.896 2.0992 5.6467 -1.2438 -0.4968
1.0704 3.3321 -0.74686 2.7304 -1.5444 5.139 0.27282 5.7407 -1.1934 -0.41875
1.5327 2.2441 -0.36682 1.8352 -0.87007 4.1725 1.0295 4.5815 -1.2399 -0.40625
1.0097 0.25496 -0.12099 0.49725 0.22089 2.0928 1.3516 1.8505 -1.2193 -0.52834
-1.5832 1.1891 -0.48482 0.25692 0.9166 1.9083 -0.18178 2.8404 -1.2312 -0.72828
2.3516 0.63409 0.15141 0.026788 -0.23351 1.4213 1.9667 2.0286 -1.2163 -0.58949
-1.1434 1.6863 0.4359 0.65608 1.0982 1.6713 -0.48116 2.7015 -1.103 -0.44375
1.1048 0.41121 0.51876 0.47638 0.66723 1.8115 1.2533 1.7463 -1.0938 -0.40483
-0.74319 1.0745 0.65895 0.53689 1.4434 2.5829 0.041249 3.1205 -0.91875 -0.05625
-0.67087 1.7436 0.76778 1.4702 1.1354 3.4041 -0.30328 3.6775 -1.0688 -0.3
-1.4734 1.0705 0.72027 0.66863 0.97143 2.0396 -1.2222 2.4415 -1.3855 -0.73915
-1.3861 0.36637 -0.34483 0.50623 -0.45394 1.3621 -1.4952 1.2223 -1.3562 -0.66875
-1.4303 1.8883 -0.095628 1.6105 0.31094 3.5637 -1.0238 3.8415 -1.1812 -0.5027
-0.88166 2.2665 0.49469 1.5811 1.3898 3.3692 0.013485 4.0545 -1.1562 -0.34923
0.97382 0.60826 -0.36965 -0.064515 -1.1361 1.7175 0.20738 2.3903 -1.2162 -0.40375
-2.3671 1.7873 -0.4602 1.1051 0.09383 2.6539 -1.8131 3.3361 -1.4175 -0.56683
1.9291 1.8785 0.50556 1.2285 -0.40723 3.2276 1.0163 3.8776 -1.4342 -0.53639
1.7868 1.94 0.49667 1.375 0.20322 2.045 1.4934 2.61 -0.97043 -0.74926
2.3174 1.546 0.87891 1.4043 0.69629 3.2572 2.1348 3.399 -1.4731 -0.61314
-1.0283 0.8778 0.44792 0.50679 0.95291 2.5162 -0.52334 2.8872 -1.0286 -0.34125
1.8859 2.0083 0.28201 0.57468 -0.25661 1.1773 1.3473 2.6109 -1.4214 -0.5601
-1.3226 1.4715 -0.41757 0.99027 0.32143 2.38 -0.58362 2.8612 -1.3225 -0.7402
1.5632 1.586 -0.43733 0.51195 -1.0411 1.6365 0.95944 2.7106 -1.1606 -0.66942
1.5493 1.8844 0.425 0.86663 -0.72305 2.1348 0.40122 3.1526 -1.3181 -0.71871
-1.6811 1.6406 -0.37001 1.5275 -0.28294 2.5364 -1.594 2.6495 -1.3589 -0.87823
1.608 2.1999 0.58395 1.5291 -0.5399 3.2447 0.48412 3.9155 -1.2602 -0.82103
-1.7741 1.0233 -0.60599 1.3226 -0.83086 2.2004 -1.999 1.9011 -1.4284 -1.0673
0.97961 1.6607 0.61583 1.8181 0.83481 2.3243 1.1986 2.1669 -1.3315 -1.1992
1.4747 1.4232 0.33916 1.6309 0.69543 3.5782 1.831 3.3705 -1.6156 -0.876
1.2374 1.5897 -0.029125 1.152 -0.64517 2.9634 0.62132 3.4012 -1.4433 -0.49
-3.0039 3.9662 -1.4225 2.4532 0.074372 4.0177 -1.507 5.5308 -1.4445 -0.409
2.8658 1.5522 0.30168 0.87586 -0.26277 3.0298 2.3014 3.7061 -1.4354 -0.48125
0.30782 0.8227 -0.8048 -0.14572 -2.376 1.6521 -1.2633 2.6205 -1.3854 -0.62292
-1.2555 2.6923 0.68182 2.4691 0.79895 3.4858 -1.1384 3.709 -1.3979 -0.42292
0.8213 2.0547 -0.88328 1.0137 -1.5138 2.0461 0.1908 3.0871 -1.3621 -0.61042
-2.0884 0.99033 -1.2156 0.52623 -0.41125 2.0582 -1.284 2.5223 -1.3104 -0.56042
-2.4944 2.3589 -0.56272 1.9474 -0.25283 3.4022 -2.1845 3.8137 -1.3479 -0.42292
-1.0488 3.162 0.51939 1.703 1.6305 2.8973 0.062284 4.3563 -1.3691 -0.29792
2.6826 1.5679 1.5604 1.1846 0.90349 3.108 2.0257 3.4913 -1.3076 -0.34514
1.9959 1.8927 0.27226 1.0103 -0.74838 3.0103 0.97523 3.8927 -1.35 -0.068182
-1.2803 0.34042 -0.044065 1.2193 -1.403 3.1308 -2.6392 2.2519 -1.3336 -0.11892
-0.89971 2.4612 0.4107 1.4407 1.9029 3.357 0.59249 4.3774 -1.3605 -0.10068
2.0111 2.5943 0.34665 1.3682 -0.87824 3.031 0.78622 4.2571 -1.3346 0.031818
-3.0573 1.4287 -0.9728 1.198 -0.75022 3.2006 -2.8347 3.4313 -1.2 -0.3
1.5746 2.6422 -0.29284 1.8301 -0.78027 2.9465 1.0872 3.7586 -1.4227 -0.3
-2.152 1.9779 -1.3452 1.4334 -0.15613 3.1992 -0.96295 3.7438 -1.3773 -0.3
-2.1525 2.2681 -1.1087 1.8671 -0.36549 3.8019 -1.4093 4.2029 -1.35 -0.54091
2.5343 2.0012 1.1745 1.7552 0.95932 2.945 2.3191 3.191 -1.2864 -0.50455
-2.4862 1.8072 -0.94693 1.1983 -0.15849 3.1851 -1.6978 3.794 -1.3864 -0.3
1.7219 2.5377 0.16254 1.3897 -1.2853 3.3605 0.27404 4.5085 -1.2 -0.15
2.4889 0.89267 1.0388 1.0066 1.2137 3.2818 2.6638 3.1678 -1.2 -0.095455
0.29223 1.385 -0.86054 0.43841 -2.4561 2.3879 -1.3033 3.3345 -1.3864 -0.20455
-2.7266 1.7217 -1.1797 1.6371 -1.1076 3.1331 -2.6545 3.2176 -1.2 -0.3
1.0776 2.6648 -0.21258 1.4091 -1.8534 3.095 -0.56321 4.3507 -1.3671 -0.25375
2.2697 2.5576 0.40405 1.3079 -0.95781 3.341 0.90786 4.5907 -1.4027 -0.27875
-1.7717 1.8691 -0.87485 1.4637 -0.010297 3.3762 -0.90718 3.7816 -1.2854 -0.47292
2.2181 2.1855 0.4777 1.408 0.064903 2.3321 1.8053 3.1095 -1.2107 -0.50034
-1.8278 2.3419 -0.14897 0.96606 0.56502 1.8412 -1.1138 3.217 -1.2 -0.49792
-1.5597 2.9481 0.26952 1.9597 0.84442 3.0238 -0.98484 4.0121 -1.3951 -0.49514
3.351 0.99126 1.0445 0.94697 1.0217 2.136 3.3282 2.1803 -1.2563 -0.55625
-0.91897 1.6617 0.19324 0.74986 1.5501 2.4049 0.43785 3.3167 -1.2719 -0.24125
-2.1353 1.6727 -0.26562 0.69562 0.23966 1.6625 -1.63 2.6396 -1.2405 -0.54722
2.1125 2.0408 0.37343 1.6915 -0.090787 4.0027 1.6482 4.352 -1.2479 -0.31614
0.83859 2.5547 -0.4997 1.6244 -1.7991 3.4938 -0.46082 4.424 -1.3104 -0.12028
-3.1072 2.1766 -1.2282 1.6872 -0.99521 2.5817 -2.8742 3.0711 -1.348 -0.31985
1.8842 3.0055 0.078626 2.0634 -0.46332 3.102 1.3422 4.0442 -1.0354 -0.13822
0.86036 2.4176 -0.99559 1.6853 -1.3898 2.6842 0.46619 3.4166 -1.2808 -0.34067
2.4054 1.2154 1.4611 0.71211 0.91361 1.7394 1.8579 2.2427 -1.2719 -0.39545
1.148 3.0944 -0.36501 3.222 -0.30725 3.9562 1.2058 3.8286 -1.2 -0.52273
-2.3221 1.6537 -1.2818 1.6419 -1.2603 3.5461 -2.3006 3.5578 -1.257 0.26042
1.3854 3.5345 -0.18736 2.0086 -1.5851 3.4492 -0.012422 4.9751 -1.2662 0.013636
-1.1064 1.8976 0.91355 1.6603 1.0844 3.114 -0.93556 3.3513 -1.3131 -0.39125
2.0132 2.6386 1.058 2.1144 0.1177 3.8278 1.0729 4.352 -1.4451 -0.7666
-1.3325 0.81593 -0.36441 1.3477 -1.2814 3.0169 -2.2494 2.4851 -1.5153 -0.82055
-2.4697 2.258 -0.65772 1.1524 0.23663 2.6181 -1.5753 3.7237 -1.2912 -0.27875
1.7995 2.3669 -0.082766 1.7525 -0.71365 3.6854 1.1687 4.2998 -1.1821 -0.11625
-0.45579 0.89738 0.50091 0.18376 1.8519 1.995 0.89524 2.7086 -1.328 -0.39481
-0.57679 1.0307 0.4819 0.71669 0.97666 2.3848 -0.082027 2.6988 -1.3235 -0.41241
2.8021 1.1366 0.37823 0.63287 0.21507 1.4179 2.6389 1.9217 -1.2239 -0.29835
-1.5242 2.8797 0.36244 1.8284 0.92736 2.8422 -0.95927 3.8935 -1.1479 -0.34983
2.8061 2.2538 1.4965 1.6679 1.0523 2.661 2.3618 3.2469 -1.1979 -0.54068
-1.1521 0.94361 0.37751 0.64155 0.75636 2.56 -0.77322 2.862 -1.2268 -0.42273
2.2092 0.66435 0.12331 0.2972 -0.069967 1.3952 2.0159 1.7624 -1.3303 -0.52292
1.0995 -0.10722 0.078955 0.56124 0.61912 1.3859 1.6397 0.71747 -1.3039 -0.55396
-2.8896 2.334 -1.3 0.80999 -0.39264 1.7564 -1.9823 3.2804 -1.4184 -0.53542
1.097 1.4325 -0.20878 1.0488 -0.798 3.0544 0.50778 3.438 -1.3742 -0.44725
-1.6047 0.093366 -0.07264 0.55458 -0.44619 1.7954 -1.9782 1.3342 -1.3925 -0.53542
-1.3193 1.377 0.1003 1.0548 0.591 3.217 -0.82863 3.5391 -1.3782 -0.28817
-0.41822 0.78728 0.58797 0.31182 1.4052 2.0413 0.39902 2.5167 -1.3752 -0.57366
-1.4868 1.7257 0.14039 0.44371 1.0833 1.6405 -0.54392 2.9224 -1.135 -0.49263
0.23584 3.5615 -1.3047 2.0663 -2.4697 3.2666 -0.92914 4.7618 -1.4187 -0.60451
2.0171 2.5612 -0.090162 2.0945 -0.49918 3.9413 1.6081 4.408 -1.3479 -0.57602
1.1933 1.4172 -0.1756 0.47737 -1.3855 2.2397 -0.016654 3.1795 -1.4382 -0.27633
-2.1951 1.4858 -0.2432 0.70864 0.23309 1.9048 -1.7188 2.682 -1.4186 -0.67071
-1.8383 1.1777 -0.027626 0.42397 0.24307 1.0742 -1.5676 1.828 -1.3675 -0.47292
-2.2019 1.4248 -0.562 1.1833 -0.40439 2.2534 -2.0443 2.495 -1.4149 -0.688
1.4358 1.747 0.063609 0.81458 -1.1743 2.6364 0.19784 3.5688 -1.2973 -0.61709
2.3475 2.4432 1.2443 2.3179 1.0557 3.978 2.159 4.1033 -1.2964 0.07519
1.3731 2.9002 -0.1218 1.5515 -1.6263 3.2191 -0.13141 4.5678 -1.4188 -0.11875
-3.0282 0.56398 -1.08 1.1034 -1.6184 3.0479 -3.5666 2.5085 -1.4171 -1.0537
0.83199 1.3057 -0.59563 0.64244 -1.5626 2.7555 -0.13499 3.4188 -1.3107 0.072233
0.78729 1.6151 -0.38712 0.71587 -1.6256 2.3333 -0.45118 3.2325 -1.5132 -0.060417
2.4032 3.3861 1.1956 2.4637 0.34031 3.5834 1.5479 4.5058 -1.5132 -0.047917
1.8583 1.4443 0.47268 0.93069 -0.067643 2.3886 1.318 2.9021 -1.2229 0.046121
-1.2196 0.40134 -0.32071 0.73296 -0.82699 2.1052 -1.7259 1.7736 -1.2285 -0.0086598
-1.6302 0.78685 -0.28414 0.3623 -0.090813 0.97525 -1.4368 1.3998 -1.233 -0.44579
-0.62964 1.4038 0.44455 1.3001 0.63216 3.2433 -0.44202 3.347 -1.2183 -0.066839
-1.1187 2.8913 -0.0086919 2.0683 1.2299 3.7389 0.11991 4.5619 -1.3104 -0.48939
-2.0175 1.8218 -0.75515 1.6142 -0.43137 3.5829 -1.6937 3.7905 -1.298 -0.51452
0.85131 2.1503 -0.59252 1.1523 -1.165 1.9807 0.27879 2.9786 -1.2961 -0.54667
1.2582 2.7166 -0.68275 1.8413 -1.2863 3.1796 0.6546 4.0549 -1.3571 -0.49617
0.60501 4.2044 -1.1834 3.3973 -1.7489 4.6505 0.039488 5.4575 -1.3352 -0.45798
1.1243 2.0362 -0.30508 1.9638 -0.36875 3.2 1.0607 3.2724 -1.2562 -0.38125
1.2582 0.49261 -0.36875 0.475 -0.38093 1.6014 1.246 1.619 -1.2562 -0.38125
-2.1489 2.0696 -0.35023 1.374 0.47173 3.4992 -1.327 4.1949 -1.4331 -0.63298
-1.6326 0.97627 0.55364 0.94235 0.58739 3.118 -1.5988 3.1519 -1.3504 -0.44792
-2.4687 1 -1.3935 0.99332 -1.3705 2.9682 -2.4458 2.9749 -1.2187 -0.68542
-0.99381 1.7953 0.53125 1.775 0.54714 2.967 -0.97792 2.9873 -1.1812 -0.64792
0.69517 1.9282 -0.98132 1.5886 -1.1752 2.5461 0.50126 2.8857 -1.1667 -0.67998
-0.86237 0.88624 0.40025 0.376 1.2422 2.4594 -0.020434 2.9697 -1.413 0.029645
-1.9723 1.941 -0.2145 1.1133 0.76454 3.1927 -0.99328 4.0203 -1.2604 -0.11177
2.7131 1.704 0.48208 0.86521 -0.029688 2.2265 2.2013 3.0652 -1.2979 -0.62065
-2.9783 2.7585 -0.7421 2.1255 -0.28377 3.7447 -2.52 4.3777 -1.375 -0.52749
2.4186 1.1124 0.6898 1.1 0.67067 3.7584 2.3995 3.7708 -1.3563 -0.14375
-2.2206 1.0192 -0.87509 1.0696 -0.94955 3.0554 -2.2951 3.005 -1.3938 -0.19169
-1.4922 1.2977 0.51861 1.6275 0.36353 2.5775 -1.6472 2.2477 -0.93542 -0.48542
-1.7943 1.6351 -0.22657 1.7874 -0.32396 2.8329 -1.8917 2.6806 -1.2979 -0.73542
-1.6062 1.5874 0.51266 1.5477 0.53122 2.5373 -1.5876 2.5771 -1.2812 -0.68542
-0.44031 1.8356 0.37115 1.106 1.7086 2.5934 0.89711 3.323 -1.2582 -0.55
-0.85627 2.3329 0.76526 0.77277 1.8105 1.8591 0.18893 3.4192 -1.3064 0.043583
-2.0156 -0.22335 -0.20441 0.80615 -0.85942 1.9585 -2.6706 0.92899 -1.3256 -0.61715
-3.2302 2.4262 -1.073 1.7705 -0.62963 3.2291 -2.7869 3.8848 -1.3785 -0.65546
1.371 2.1328 -0.47276 1.3824 -1.3095 3.4383 0.53427 4.1887 -1.3721 -0.29555
0.28464 1.4136 1.1605 0.74418 2.4956 2.4911 1.6198 3.1605 -1.3105 -0.32043
-0.98722 1.371 0.029249 1.0982 0.51217 2.8977 -0.50429 3.1705 -1.3407 -0.61994
1.6032 1.68 -0.14059 0.64989 -1.1709 2.3939 0.5729 3.424 -1.0415 -0.4056
-2.27 1.9001 -0.5037 0.76466 0.06933 1.6561 -1.697 2.7915 -1.3793 -0.52574
-1.4693 0.54816 0.45007 0.29255 0.74107 2.4777 -1.1783 2.7333 -1.4805 -0.38275
1.8459 1.6393 -0.25337 0.60315 -1.0181 2.1525 1.0812 3.1887 -1.43 -0.15696
1.0243 0.5403 -0.26875 0.475 -0.31853 1.4606 0.97451 1.5259 -1.3062 -0.46875
1.5147 2.5141 -0.12676 1.0665 -1.363 2.4682 0.2784 3.9159 -1.4558 -0.66717
-0.013034 1.4215 0.87687 0.74015 2.1853 2.4626 1.2954 3.1439 -1.4191 -0.32292
-2.4329 1.1662 -1.3468 1.0792 -1.1682 3.309 -2.2543 3.396 -1.3214 -0.28343
1.7767 3.1982 0.16555 1.9407 -0.54024 2.8451 1.0709 4.1025 -1.4002 -0.36934
-1.0272 2.732 0.84591 1.7553 1.6718 3.3391 -0.20128 4.3158 -1.3831 -0.20779
-2.7746 1.3008 -0.64845 1.7575 -1.0254 3.5124 -3.1515 3.0558 -1.4238 -0.68685
-1.345 2.3251 0.24573 1.1067 1.4273 2.6492 -0.16343 3.8676 -1.3238 -0.46859
-0.48239 0.57728 0.60845 0.076987 1.4447 1.9004 0.3539 2.4007 -1.1951 -0.44869
1.0045 0.94545 -0.73182 0.054545 -1.5318 1.6182 0.20455 2.5091 -1.25 -0.60455
1.4633 0.2657 0.43182 0.80909 1.173 2.2161 2.2045 1.6727 -1.4136 -0.55909
1.5067 1.1091 0.072812 0.44527 -0.72089 2.1631 0.71296 2.827 -1.3429 -0.39646
0.7263 1.0042 -1.0258 0.57273 -1.3596 1.9282 0.3925 2.3597 -1.2 -0.1197
-1.7194 2.123 -0.25 1.0091 -1.2897 -0.3624 -2.7591 0.75152 -1.453 -0.71667
-2.5682 0.67273 -0.94674 -0.22115 -0.31364 0.92727 -1.9351 1.8211 -1.4803 -0.72576
-1.4239 0.51998 0.0045455 -0.039394 0.85114 2.1224 -0.57727 2.6818 -1.3045 -0.3
-1.398 -0.25283 -0.0045455 0.23636 -0.57473 1.8619 -1.9682 1.3727 -1.2 -0.14091
-1.7318 -0.072727 -0.31945 -0.11981 -0.27804 1.1224 -1.6904 1.1695 -1.2 -0.16818
1.6715 1.3566 0.63182 0.96364 0.058791 2.4798 1.0985 2.8727 -0.59242 0.0045455
-1.0887 2.1286 0.45303 0.83636 1.0463 1.5442 -0.49545 2.8364 -0.35303 0.20455
1.6682 1 0.54128 0.6562 0.12086 2.0202 1.2478 2.364 -0.63485 -0.083333
-0.95909 0.054545 0.13182 0.42727 -0.46818 2.1636 -1.5591 1.7909 -0.96212 -0.45303
1.604 2.3804 0.17727 0.97273 -0.86459 2.0287 0.56212 3.4364 -1.2955 -0.70455
-0.86041 1.8424 0.69848 1.8 0.74526 3.5213 -0.81364 3.5636 -1.1045 -0.29545
-0.90455 0.82727 0.12273 0.018182 0.78636 0.86364 -0.24091 1.6727 -0.86818 -0.11364
-0.11951 4.061 1.4864 2.6636 2.0753 3.3429 0.46944 4.7402 -0.97727 0.013636
-1.5045 2.5 0.43182 1.8909 0.73182 2.8545 -1.2045 3.4636 -1.0409 -0.19545
-0.26818 3.0273 -1.6682 2.4818 -2.0136 3.3636 -0.61364 3.9091 -1.0864 -0.3
2.35 3.4364 1.6567 2.7615 0.49545 3.9545 1.1888 4.6294 -1.1045 -0.36818
-1.0136 0.17273 -0.23182 0.48182 -0.85909 2.0636 -1.6409 1.7545 -1.2 -0.040909
1.4318 2.4182 -0.0045455 2.7455 0.19545 3.6364 1.6318 3.3091 -0.88636 -0.077273
-1.4955 1.7273 -0.79545 1.1909 0.45909 2.8273 -0.24091 3.3636 -1.0773 -0.3
0.13182 3.0182 1.5227 2.4182 1.8955 3.2818 0.50455 3.8818 -1.2 -0.3
-0.66146 0.003744 -0.022727 0.54545 -0.57829 1.2005 -1.217 0.65881 -1.2 -0.3
0.93182 1.7182 0.14467 1.1421 -0.98737 2.689 -0.20023 3.265 -0.81364 -0.18636
-1.6591 3.3273 -0.51364 3.3091 -0.48636 4.8636 -1.6318 4.8818 -0.73182 -0.013636
-1.6591 1.5455 -0.75909 1.2636 -0.15 3.2091 -1.05 3.4909 -0.83182 -0.031818
1.3136 2.3727 -0.57727 1.1091 -1.1682 1.9909 0.72273 3.2545 -1.2 -0.031818
-1.0955 2.4545 -0.059091 2.1909 0.46818 4.2818 -0.56818 4.5455 -0.89545 -0.013636
1.5136 1.4636 0.54091 1.1 -0.25 3.2182 0.72273 3.5818 -1.1591 -0.28636
1.1258 2.133 0.35272 1.5858 -0.95909 3.4636 -0.186 4.0109 -0.79545 -0.068182
2.6591 3.5 1.2227 2.2091 0.45 3.0727 1.8864 4.3636 -1.2 0.21364
1.2864 1.6 -0.33683 1.6477 -0.30944 2.579 1.3138 2.5313 -0.78636 0.095455
1.7955 1.7727 0.95 1.5091 0.45909 3.0909 1.3045 3.3545 -0.98636 -0.059091
1.4682 0.92727 0.044653 1.0003 0.095455 1.9909 1.519 1.9179 -1.0318 -0.17727
-1.8599 2.0743 -0.43927 2.6813 -0.77727 3.4818 -2.1979 2.8748 -0.97727 -0.013636
0.80455 2.2364 -0.65909 1.0909 -1.2864 1.9 0.17727 3.0455 -1.2 -0.25909
2.55 2.9273 1.8591 2.4182 0.95 3.6545 1.6409 4.1636 -1.0409 -0.37727
0.84091 0.23636 -0.15909 0.8 0.77727 2.4636 1.7773 1.9 -1.2 -0.3
-2.3604 3.0778 -0.56818 2.1909 -0.066846 3.204 -1.8591 4.0909 -1.05 -0.40455
-1.1133 3.6915 0.85054 2.2464 1.4321 3.0367 -0.53182 4.4818 -1.1955 -0.19545
2.4955 3.0455 0.63508 1.9219 0.068549 2.8599 1.9289 3.9835 -1.0227 -0.20455
0.42273 1.8182 -1.0773 0.84545 -1.6591 1.7364 -0.15909 2.7091 -1.0136 -0.18636
-1.4136 0.44545 -0.49545 0.22727 -0.12273 1.8182 -1.0409 2.0364 -1.0955 -0.11364
-0.98178 2.0699 -0.077273 1.9 0.28178 3.812 -0.62273 3.9818 -0.92273 -0.05
-1.8591 1.2545 -0.97727 1.5455 -1.6136 3.4818 -2.4955 3.1909 -0.93182 -0.11364
1.4403 2.6337 0.54091 2.0727 -0.53714 3.8012 0.3622 4.3621 -0.72273 -0.031818
1.6821 0.17347 0.55 0.37273 0.91787 2.4629 2.05 2.2636 -0.73182 0.031818
1.35 0.15455 0.41851 0.31088 0.63182 1.5818 1.5633 1.4255 -0.95909 -0.12273
-1.5644 1.0341 -0.85909 0.49091 -0.19923 1.3477 -0.90455 1.8909 -1.2 -0.25909
1.9006 0.96932 1.0227 0.51818 0.21078 2.0982 1.0887 2.5493 -1.0773 -0.14091
-1.45 1.2545 -0.55909 0.7 0.43182 2.2909 -0.45909 2.8455 -0.82273 0.022727
1.9773 1.0455 1.1016 0.50276 0.25535 1.8682 1.1311 2.4109 -1.0227 -0.23182
-1.1688 0.74125 -0.31609 0.11823 0.97548 1.8861 0.12273 2.5091 -0.58636 -0.05
-0.9334 1.3635 -0.10982 0.90596 0.9425 2.8001 0.11891 3.2577 -0.87727 0.086364
0.059091 1.2273 0.89281 0.80025 1.6719 2.3214 0.8382 2.7484 -1.0227 0.095455
-1.3955 2.6636 0.26163 1.2795 0.90051 2.0443 -0.75658 3.4285 -0.96818 -0.095455
0.31312 1.438 -1.0045 0.13636 -1.634 0.7736 -0.31635 2.0752 -0.67727 0.41364
1.4591 1.1545 0.73182 0.52727 -0.54091 1.9909 0.18636 2.6182 -0.76818 0.26818
0.65757 1.1836 -0.37727 1.2091 -0.32319 3.4084 0.71165 3.383 -0.78636 0.15909
-0.011308 1.5982 0.86818 1.2909 1.5295 3.1836 0.65 3.4909 -0.76818 0.095455
-0.33175 3.0274 0.53182 2.3636 1.8178 4.0367 0.95419 4.7005 -0.93182 0.095455
-2.3482 3.281 -0.63182 1.9818 -0.042493 2.7604 -1.7589 4.0596 -0.93182 0.086364
-1.1044 2.6091 -0.13624 2.2031 0.65864 4.1 -0.30952 4.506 -0.90455 0.14091
-1.2773 0.71818 -0.43332 0.7831 -0.56836 2.5386 -1.4123 2.4737 -0.86818 0.031818
1.25 1.6 0.26715 1.6093 0.28945 3.9729 1.2723 3.9636 -0.89545 0.040909
-1.3811 0.50151 -0.38056 0.29139 0.044751 2.3167 -0.95581 2.5268 -0.95 -0.068182
-0.98636 0.86364 -0.15769 0.34231 1.0609 2.2921 0.23223 2.8134 -0.69545 0.013636
-1.2428 0.21133 -0.40455 0.18182 -0.35015 1.7266 -1.1884 1.7562 -1.0955 -0.11364
-1.1576 0.66524 -0.36548 0.10337 0.78636 1.7273 -0.0057925 2.2892 -1.0591 -0.35
1.7619 1.3656 -0.48268 0.47234 -0.85909 1.4182 1.3855 2.3114 -0.77727 -0.17727
1.9666 1.0135 1.0045 0.66364 0.45697 2.1695 1.419 2.5193 -1.4682 -0.45909
-1.8736 1.3665 0.12273 1.1182 0.331 2.7654 -1.6653 3.0137 -1.3591 -0.45
-1.6591 0.23636 -0.30965 1.111 -1.1864 2.4636 -2.5358 1.589 -1.3773 -0.71364
1.667 1.2088 0.60455 0.75455 0.033022 2.0912 1.0955 2.5455 -1.4591 -0.56818
2.3959 1.5323 1.2229 1.2374 0.81812 2.8476 1.991 3.1425 -1.4409 -0.49545
-2.2913 1.4388 -0.83182 0.90909 -0.38981 2.1227 -1.8493 2.6525 -1.3864 -0.77727
-1.8409 0.62711 0.0045455 0.53636 0.050716 1.5715 -1.7947 1.6622 -1.4955 -0.70455
-1.2256 0.16803 0.11364 0.71818 -0.30166 1.6683 -1.6409 1.1182 -1.5864 -0.81364
-2.1233 3.6873 -1.0227 3.0182 -0.010851 4.6825 -1.1114 5.3516 -1.5591 -1.0955
1.8136 2.6818 -0.11625 1.4656 -0.9502 2.7889 0.97969 4.0051 -1.4591 -0.3
-1.9955 1.1273 -0.49588 0.73494 0.068182 2.8909 -1.4314 3.2832 -1.3955 -0.46818
0.81364 1.6818 -0.095614 0.9038 -1.3136 2.3273 -0.40439 3.1053 -1.3682 -0.98636
-2.3682 0.85731 -0.90455 0.70909 -0.80477 1.6978 -2.2685 1.846 -1.3773 -1.0227
0.2998 0.99988 -0.85909 0.31818 -1.5359 1.4687 -0.37699 2.1504 -1.35 -1.0318
-1.65 1.4909 -0.40455 1.4455 -0.35909 2.7273 -1.6045 2.7727 -1.4045 -0.96818
-1.0864 2.0364 0.45824 1.1984 1.1161 2.4111 -0.4285 3.2491 -1.4318 -1.1409
-2.3091 1.2 -0.73636 0.25455 0.62727 2.5273 -0.94545 3.4727 -1.5591 -0.3
1.4864 0.11818 -0.46836 0.99869 0.031818 2.1091 1.9865 1.2286 -1.5864 -0.91364
-1.9396 0.79059 -0.40455 0.21818 0.33882 2.2153 -1.1963 2.7877 -1.0409 -0.3
0.74959 0.6419 0.3686 0.42227 -0.095455 1.2273 0.28553 1.4469 -0.75909 -0.65
-1.9045 1.0727 -0.72273 0.74545 -0.22273 2.5727 -1.4045 2.9 -1.3955 -0.022727
-1.8409 1.0455 -0.49545 0.35455 -0.077273 1.1727 -1.4227 1.8636 -1.4045 -1.0045
0.8901 1.0171 -0.57208 0.32073 -1.1992 1.6374 0.26299 2.3338 -1.3591 -0.98636
-2.2591 0.85455 -0.99802 0.80342 -0.90455 3.1091 -2.1656 3.1602 -1.4318 -0.64091
-1.4665 1.543 -0.31384 0.51638 1.0318 2.0273 -0.12087 3.0539 -1.4409 -0.69545
0.91364 0.59091 0.12532 0.70832 0.31726 1.9696 1.1056 1.8522 -1.3864 -0.75
-1.0955 1.4909 0.18662 1.2377 0.33417 1.9754 -0.9479 2.2287 -1.3955 -0.75909
-1.2318 1.4636 -0.58933 1.03 -1.1864 0.14545 -1.8289 0.57914 -1.35 -0.76818
-1.2197 1.4798 -0.11364 0.65455 0.32882 1.2478 -0.77721 2.0731 -1.3409 -0.82273
2.1773 1.0182 0.9669 0.83339 0.65 2.9091 1.8604 3.0939 -1.45 -0.60455
1.553 0.60426 0.17727 0.11818 -0.49364 1.9985 0.88206 2.4846 -1.3864 -0.54091
-1.5508 0.91787 -0.3702 -0.090356 0.15 0.51818 -1.0306 1.5264 -1.4409 -0.86818
-0.88857 1.0679 0.88636 0.50909 1.2902 1.7816 -0.48471 2.3404 -1.45 -0.88636
1.8682 0.50909 0.68636 0.081818 0.095455 1.7182 1.2773 2.1455 -1.3682 -0.64091
-1.8601 0.076543 -0.93182 -0.1 -0.649 1.3871 -1.5773 1.5636 -1.4318 -1.0591
-0.93904 2.5683 1.0045 1.8727 1.5299 3.3408 -0.41364 4.0364 -1.4318 -1.0864
-2.1045 1.3636 0.33524 1.5984 0.18636 3.1455 -2.2534 2.9107 -1.5773 -0.82273
1.95 0.6 0.821 -0.24881 -0.22245 1.1391 0.90654 1.9879 -1.4045 -1.0136
-1.2591 1.9273 0.39584 0.77801 1.2318 1.9818 -0.42312 3.1311 -1.4955 -0.58636
2.3227 1.3727 1.1287 1.1115 0.72627 2.9513 1.9203 3.2125 -1.4318 -0.55
1.6026 1.768 -0.17727 0.99091 -0.74032 2.2712 1.0396 3.0483 -1.4136 -0.95909
0.59545 0.74545 -0.23752 0.12744 -1.3783 1.6635 -0.54535 2.2815 -1.4955 -1.0409
-1.3955 0.85455 0.35 0.045455 1.3136 2.1091 -0.43182 2.9182 -1.7045 -1.1136
-2.4273 0.91818 -0.80909 0.82727 -0.67273 3.2818 -2.2909 3.3727 -1.4318 -0.94091
-2.3682 1.7438 -0.29545 0.99091 0.25 2.4926 -1.8227 3.2455 -1.5136 -0.80455
0.90455 -0.072727 -0.12273 0.49091 0.72273 2.0273 1.75 1.4636 -1.4409 -0.60455
-1.9955 2.3818 -0.12857 0.96793 0.88887 2.3113 -0.97802 3.7252 -1.4318 -1.0045
-1.6768 1.9249 -0.40374 0.82776 0.82585 2.2545 -0.44725 3.3517 -1.2 -0.3
-1.5591 0.54545 -0.28636 0.30909 -0.15 1.0364 -1.4227 1.2727 -1.4854 -0.85808
1.2864 2.7182 -0.45 2.6545 -0.49545 3.9273 1.2409 3.9909 -1.5763 -0.75808
1.2955 1.2273 -0.35 1.0909 -0.40455 1.7545 1.2409 1.8909 -1.5217 -0.81263
-2.3955 1.8091 -0.75909 2.2727 -1.1955 3.8273 -2.8318 3.3636 -1.3905 -0.82686
2.4227 1.2091 0.93182 0.92727 0.55 2.9727 2.0409 3.2545 -1.3944 -0.6399
1.2711 1.0603 0.41388 0.54955 -0.46663 2.0273 0.39059 2.5381 -1.2776 -0.3
