3.2747 3.0448 2.2131 2.6909 1.4804 4.8891 2.5419 5.2429 -1.2483 -0.3
-2.255 4.54 -0.335 3.47 0.195 4.42 -1.725 5.49 -1.2831 -0.22308
-1.728 0.82126 -0.91239 0.71802 -0.83182 1.3545 -1.6474 1.4578 -1.2 -0.46469
-0.65909 2.4455 0.76658 1.0854 1.4742 1.8273 0.048575 3.1873 -1.1136 -0.27727
2.2591 1.7182 0.32067 1.6566 0.29087 2.5946 2.2293 2.6562 -1.35 -0.50455
1.6054 0.65599 0.61061 0.54545 0.41227 2.3305 1.4071 2.441 -1.2 -0.55
-0.85547 1.3819 -0.083392 1.0053 0.75909 2.7273 -0.012992 3.1039 -1.4318 -0.65
-0.94091 2.4091 0.68636 1.5273 1.1045 2.3 -0.52273 3.1818 -1.4136 -0.65
0.68936 3.0146 -1.1591 1.4727 -1.8753 2.3314 -0.026894 3.8733 -1.5318 -0.57727
2.5045 2.5909 1.7227 1.8455 0.53182 3.0909 1.3136 3.8364 -1.4864 -0.51364
-2.0727 1.25 -1.3727 0.91364 -0.82727 2.0591 -1.5273 2.3955 -1.4227 -0.3
-1.2409 2.8 0.88619 1.7516 1.3511 2.6949 -0.77596 3.7433 -1.4864 -0.50455
1.0591 0.59091 0.43182 0.89091 0.97727 2.0364 1.6045 1.7364 -1.4773 -0.54091
-0.97727 2.4727 -0.23182 2.0455 0.65909 3.5818 -0.086364 4.0091 -1.4409 -0.75909
1.3397 1.7024 0.58636 1.4545 -0.1458 3.6803 0.60757 3.9281 -1.3864 -0.54091
-0.79291 2.2921 0.11885 1.7451 1.3293 3.7624 0.41751 4.3095 -1.3773 -0.39545
-2.9076 4.5182 -1.4997 3.4264 -0.99689 4.0736 -2.4047 5.1654 -1.4773 -0.68636
0.82273 4.4909 -0.85314 3.2806 -1.3549 3.9739 0.321 5.1842 -1.3773 -0.54091
-0.97273 2.5864 -0.27273 2.1136 0.81818 3.7409 0.11818 4.2136 -1.1045 -0.20455
-1.9712 2.5545 0.37604 1.4948 1.4742 3.9273 -0.87301 4.987 -1.2591 -0.40455
-1.8894 2.8727 -0.6889 1.8627 1.0864 3.9727 -0.11413 4.9828 -1.2682 -0.46818
1.6871 2.1089 -0.4629 0.72653 -1.6673 2.5998 0.48261 3.9822 -1.2 -0.3
1.5093 2.0366 0.29242 1.2 -0.96928 3.0377 0.2476 3.8743 -1.2 -0.3
0.31061 1.2727 -0.50982 0.60507 -1.6894 2.0545 -0.86897 2.7222 -1.2591 -0.44091
2.7031 3.1571 2.0254 2.5482 0.45199 4.2976 1.1297 4.9066 -1.35 -0.58636
0.36818 4.2727 -1.25 2.8 -1.8955 3.5091 -0.27727 4.9818 -1.2 -0.3
1.889 2.9776 -0.26212 1.1091 -1.6951 2.7587 0.45606 4.6273 -1.2591 -0.3
-1.4383 2.37 -0.69677 1.8247 1.0432 4.1911 0.30161 4.7364 -1.1106 -0.3
0.54775 1.6107 -0.17842 1.0297 -1.1985 2.2909 -0.47232 2.8718 -1.3045 -0.49545
-1.2847 1.9005 0.32291 1.0206 0.80457 1.9005 -0.80306 2.7805 -1.1744 -0.57378
1.3857 2.0138 -0.17532 1.3706 -1.0686 3.5387 0.49242 4.1818 -1.1682 -0.36818
-1.1935 2.1992 -0.48623 1.7313 0.80489 3.6912 0.09766 4.1591 -1.2 -0.22273
-1.6907 2.5084 0.4197 1.1273 1.3483 2.5461 -0.76212 3.9273 -1.0864 -0.22273
-0.35 4.4182 1.65 3.0091 2.3227 3.9636 0.32273 5.3727 -1.0864 -0.15
-1.6409 2.5909 0.074946 1.1407 1.6924 3.0545 -0.023431 4.5047 -1.2591 -0.33182
1.5704 2.1033 -0.69849 1.0182 -1.3144 2.3052 0.95451 3.3904 -1.0955 -0.18636
-1.1947 1.7607 0.85739 1.445 0.98092 2.2479 -1.0712 2.5636 -0.89545 -0.022727
-0.75 3.2727 1.0864 2.9909 1.2136 3.8 -0.62273 4.0818 -0.79545 0.15909
1.1783 2.9639 -0.42642 1.4882 -1.5582 2.7189 0.046481 4.1947 -1.2 -0.18636
1.8542 2.188 -0.39849 0.83636 -1.3073 2.3511 0.94537 3.7027 -1.0409 -0.25
1.9181 1.6074 1.3409 1.8818 1.8376 2.9265 2.4147 2.6521 -1.2682 -0.50455
-1.8698 1.9026 -1.0301 1.116 0.35606 2.5818 -0.48365 3.3684 -1.3409 -0.44091
-0.68006 2.4219 0.89242 0.90909 1.7214 1.7708 0.14889 3.2835 -1.3045 -0.43182
0.30692 1.3635 -0.78453 0.94955 -1.5233 2.9133 -0.43182 3.3273 -1.3136 -0.36818
1.4499 1.1803 0.65139 0.94658 0.087808 2.8663 0.88636 3.1 -1.3318 -0.44091
0.12273 1.6364 0.95909 1.1455 1.9864 2.9 1.15 3.3909 -1.2015 -0.39848
-1.6646 1.7663 0.1844 0.84186 0.64706 1.7717 -1.2019 2.6962 -1.2803 -0.47424
2.0822 2.5045 0.42282 0.93939 1.0935 0.22834 2.7528 1.7934 -1.3035 -0.66717
1.4178 1.5394 0.62114 1.1814 -0.20782 3.0258 0.58881 3.3838 -1.2854 -0.51263
-0.99545 1.3182 -0.13208 1.4383 -0.32273 2.8091 -1.1861 2.689 -1.3045 -0.48636
1.8962 2.9837 0.43182 3.2727 0.59472 4.0981 2.0591 3.8091 -1.2864 -0.41364
-1.7227 2.3636 0.36796 2.1919 0.45 3.1909 -1.6407 3.3626 -1.3136 -0.50455
-1.7243 2.6858 -1.1773 2.2727 -0.1579 3.624 -0.70497 4.0371 -1.3227 -0.52273
-0.042851 2.419 -1.5864 1.7818 -1.8575 2.4386 -0.314 3.0758 -1.2773 -0.45909
1.1682 5.6091 -0.65258 4.7945 -0.92273 5.5273 0.89804 6.3418 -1.4136 -0.70455
2.25 3.3455 1.4232 3.1617 0.98957 5.1128 1.8164 5.2966 -1.3227 -0.54091
-1.3026 1.6648 -0.46487 1.8462 -0.86818 3.7091 -1.7059 3.5277 -1.1864 -0.39545
1.5427 3.6003 -0.50455 3.5455 -0.52451 4.2906 1.5227 4.3455 -1.2 -0.39545
0.26698 1.4171 -0.42273 0.79091 -1.4215 1.8557 -0.73182 2.4818 -1.2227 -0.41364
-1.5409 3.2 -0.87214 2.5605 0.36829 4.0077 -0.30048 4.6472 -1.2318 -0.40455
-0.078739 4.7406 0.57727 4.2455 1.4174 5.3586 0.76136 5.8537 -1.2318 -0.42273
1.3567 5.9173 2.7409 4.6364 3.328 5.2696 1.9437 6.5505 -1.2409 -0.43182
1.7227 1.6727 0.93555 1.2834 0.095455 2.9818 0.88263 3.3712 -1.3045 -0.47727
-0.10448 3.0767 -1.4227 2.4727 -1.8404 3.2562 -0.52215 3.8602 -1.2409 -0.42273
-1.05 4.0182 -2.2227 3.1364 -2.6682 3.7273 -1.4955 4.6091 -1.2 -0.43788
-0.15 1.4636 0.55757 0.73745 1.2665 1.5274 0.5589 2.2536 -1.2 -0.49545
1.9092 3.4502 1.2591 2.8091 0.52791 3.5506 1.178 4.1917 -1.2 -0.46818
-0.26818 4.0909 0.63613 3.5896 1.1049 4.4352 0.20057 4.9365 -1.2 -0.46818
-1.3864 3.8 -0.57209 3.6084 -0.37727 4.4364 -1.1915 4.628 -1.2227 -0.28636
-1.8681 2.5319 -1.0955 2.8727 -1.441 3.7409 -2.2136 3.4 -1.1136 -0.26818
-1.2773 2.9727 -0.35337 3.1187 -0.48636 4.0091 -1.4103 3.8631 -1.2682 -0.3
-0.39545 2.6727 0.44521 2.0827 0.92567 2.7799 0.085001 3.3699 -1.2318 -0.3
0.91785 0.82488 0.31856 1.1654 0.84161 2.086 1.4409 1.7455 -1.2318 -0.3
0.81211 1.378 -0.25 1.5364 -0.10302 2.522 0.95909 2.3636 -1.3591 -0.47727
-1.1753 1.4936 -0.15 1.8091 -0.42381 2.699 -1.4491 2.3835 -1.35 -0.45909
-2.0726 1.9491 -1.4812 1.3771 -0.37683 2.5189 -0.96818 3.0909 -1.2864 -0.39545
-0.26405 2.5387 0.48636 1.8727 1.1028 2.5673 0.35235 3.2333 -1.3045 -0.3
1.7955 1.8455 1.1318 1.1818 0.4863 1.8364 1.1499 2.5001 -1.3045 -0.39545
-1.5027 1.9666 -0.35 1.0091 0.35 1.7818 -0.80274 2.7393 -1.3136 -0.39545
-1.8275 3.3843 -0.9941 2.786 -0.42273 3.5818 -1.2561 4.1801 -1.3136 -0.3
-1.2227 4.1909 -0.42536 3.6055 0.15543 4.3966 -0.64193 4.982 -1.3136 -0.3
0.54829 1.64 1.3789 1.024 1.9409 1.7818 1.1103 2.3978 -1.3227 -0.42273
2.386 2.3806 1.3909 2.5682 1.5685 3.5103 2.5636 3.3227 -1.3318 -0.41364
-0.077273 1.7455 -1.0682 1.3455 -1.4182 2.1938 -0.42725 2.5938 -1.25 -0.33182
0.88057 2.1247 -0.077273 1.7273 -0.44528 2.6088 0.51257 3.0062 -1.25 -0.32273
-1.2856 -0.14814 -0.66818 0.11818 -1.2241 1.3849 -1.8415 1.1186 -1.2409 -0.3
1.8864 3.3364 1.2864 2.7818 0.71364 3.4091 1.3136 3.9636 -1.3318 -0.37727
2.5955 2.6364 1.983 2.0406 1.3682 2.6727 1.9807 3.2685 -1.3227 -0.37727
-1.7179 2.0856 0.17232 1.3818 0.486 2.2183 -1.4042 2.9221 -1.249 -0.47929
2.5584 1.0197 1.8409 0.94545 1.612 3.1338 2.3295 3.208 -1.3944 -0.59343
-1.9285 1.7725 -0.70455 0.90909 0.60864 2.7771 -0.61529 3.6405 -1.1955 -0.3
1.3682 0.42727 0.45168 1.2899 1.2225 2.1012 2.139 1.2386 -1.2864 -0.44091
0.83533 0.14898 0.31356 0.36243 0.71005 1.3316 1.2318 1.1182 -1.2864 -0.63182
-1.3409 1.6636 0.71855 1.8466 0.65555 2.6376 -1.4039 2.4546 -1.2227 -0.46818
-0.32273 3.6455 1.4751 2.6051 1.8773 3.3 0.079415 4.3404 -1.1864 -0.16818
-1.2045 1.5909 -0.38221 1.0022 0.18563 1.7954 -0.63671 2.3841 -1.1409 -0.25909
-1.7185 3.0923 -1.0318 2.6545 -0.48159 3.5176 -1.1683 3.9554 -1.0591 -0.11364
1.139 1.7515 0.35909 1.1545 -0.2208 1.9121 0.55909 2.5091 -1.2591 -0.36818
-0.38056 1.8332 -1.1045 1.3273 -2.2376 2.9486 -1.5136 3.4545 -1.2136 -0.22273
1.15 3.4545 0.48636 2.9364 -0.076142 3.7916 0.58749 4.3098 -1.2 -0.34091
-0.41 1.1133 0.31 0.68 1.3367 2.3867 0.61667 2.82 -1.31 -0.3
-1.1773 2.0364 -0.34091 1.7636 0.25 3.5636 -0.58636 3.8364 -1.2 -0.3
-0.15667 1.5267 0.63667 1.0533 1.4967 2.5 0.70333 2.9733 -1.2367 -0.34333
0.44702 1.1222 -0.49742 0.87852 -0.73989 1.829 0.20455 2.0727 -1.5227 -0.64091
-0.25302 3.4892 -1.1682 3.2727 -1.4288 4.3744 -0.51364 4.5909 -2.0773 -1.2864
-1.6665 1.5211 -0.81364 1.7545 -1.3257 3.6256 -2.1786 3.3922 -1.6682 -0.85909
1.5789 1.0238 0.78563 1.6035 1.99 3.28 2.7833 2.7003 -1.31 -0.89
2.0494 2.2281 0.31811 0.86059 -0.31459 1.6658 1.4167 3.0333 -1.2 -0.54333
-0.59 3.3067 1.2833 2.0733 1.7233 2.7467 -0.15 3.98 -1.2 -0.45
2.71 5.4 1.57 5.02 1.29 5.84 2.43 6.22 -1.2 -0.43
-3.005 3.08 -1.545 1.72 -0.975 2.33 -2.435 3.69 -1.2 -0.365
-3.055 4.44 -2.515 3.98 -1.555 5.11 -2.095 5.57 -1.2 -0.665
-1.25 5.5 -2.6409 4.4545 -3.1682 5.1545 -1.7773 6.2 -1.2 -0.3
0.71364 2.2636 -1.0409 1.2636 -1.45 1.9818 0.30455 2.9818 -1.2 -0.45909
-1.1955 1.5455 -0.41364 1.1182 0.05 1.9636 -0.73182 2.3909 -1.35 -0.48636
0.05 2.3364 0.84091 1.9091 1.5318 3.1818 0.74091 3.6091 -1.3773 -0.50455
-2.6318 3.1909 -1.7864 2.8091 -1.1864 4.1364 -2.0318 4.5182 -1.3409 -0.54091
-0.83182 4.7636 0.93182 3.7455 1.3773 4.5091 -0.38636 5.5273 -1.3682 -0.48636
-1.2689 1.5735 -0.60455 1.1 -0.022569 1.9195 -0.68694 2.393 -1.25 -0.68636
1.2409 2.0636 -0.37727 2.0909 -0.36818 2.8 1.25 2.7727 -1.2 -0.51364
1.6045 4.6 0.94096 3.9831 0.35909 4.6091 1.0227 5.2259 -1.1682 -0.35909
-1.63 2.9287 -0.71725 2.5843 -0.51364 3.1273 -1.4264 3.4717 -1.2773 -0.35909
-1.25 4.5955 -0.47908 4.1017 0.040909 4.9136 -0.73001 5.4074 -1.3227 -0.44091
-0.4367 4.0881 0.34368 3.5993 0.86182 4.4205 0.081448 4.9093 -1.3227 -0.44091
1.0278 4.5123 1.8713 3.9932 2.8358 5.5605 1.9923 6.0796 -1.3318 -0.43182
3.0083 4.3276 2.0773 4.0273 1.7372 5.0815 2.6682 5.3818 -1.3773 -0.45909
-1.8704 1.4473 -0.31364 0.77273 0.079492 1.6799 -1.4773 2.3545 -1.4955 -0.68636
0.13182 1.6636 0.99551 1.26 1.4121 2.154 0.54836 2.5577 -1.5045 -0.70455
-2.2955 2.7273 -1.3462 2.2531 -0.88125 3.1838 -1.8305 3.658 -1.8773 -1.05
2.0339 1.8276 1.3773 2.3091 1.857 2.9633 2.5136 2.4818 -1.2773 -0.51364
1.3409 3.1636 0.68927 2.6584 -0.60455 4.3273 0.047091 4.8325 -1.2773 -0.38636
-1.2864 1.8364 -0.62273 1.4364 0.52273 3.3091 -0.14091 3.7091 -1.35 -0.42273
0.37883 2.9545 -0.99658 2.6107 -1.2036 3.4389 0.17178 3.7827 -1.3374 -0.41011
0.78792 1.7545 -0.041614 1.8686 0.074756 2.7149 0.90429 2.6009 -1.5283 -0.71921
-1.0091 3.5714 1.2136 2.2545 1.5082 2.7484 -0.71455 4.0652 -1.3925 -0.547
2.9786 2.5005 2.4516 2.0273 0.54316 4.1345 1.0702 4.6077 -1.3106 -0.47427
-1.8773 3.9636 0.17727 2.5455 0.72273 3.3364 -1.3318 4.7545 -1.3318 -0.24091
1.4612 2.7299 -0.38636 1.0364 -1.0656 1.7774 0.78194 3.4709 -1.2 0.068182
-1.3052 0.91912 -0.62221 1.2815 -1.0124 2.017 -1.6955 1.6545 -1.3864 -0.69545
-0.99565 2.6269 0.70455 0.96364 1.5324 1.8108 -0.16777 3.474 -1.2591 0.031818
0.61452 2.7098 -1.1148 2.3989 -1.2732 3.28 0.45611 3.5909 -1.3374 -0.55609
-0.85306 1.8922 -0.18636 1.2364 1.4622 2.9122 0.79545 3.568 -1.2 -0.22273
-1.9247 2.1043 -1.0773 1.4364 0.38831 3.2957 -0.45909 3.9636 -1.2 -0.3
1.9378 3.0019 1.0955 2.1909 -0.58416 3.932 0.25816 4.7429 -1.2 -0.3
1.8136 0.71818 -1.2864 1.3 -0.66818 4.5909 2.4318 4.0091 -1.2 -0.13182
-1.6409 2.0364 -0.83182 1.4636 0.55909 3.4182 -0.25 3.9909 -1.1271 -0.3
2.7773 1.8226 1.7743 1.1102 0.52266 2.8724 1.5256 3.5848 -1.2 0.059091
-1.7136 2.4455 0.59545 1.4636 1.0409 2.5091 -1.2682 3.4909 -1.2 -0.12273
1.9864 1.1364 1.0955 1.5818 1.5409 2.4727 2.4318 2.0273 -1.2 -0.077273
-2.8045 1.6273 -2.1864 1.0818 -1.0682 2.3455 -1.6864 2.8909 -1.2 -0.068182
0.55909 5.6 -1.2864 3.8 -2.1227 4.6636 -0.27727 6.4636 -1.2 -0.077273
1.0682 2.4364 -0.51795 1.6605 -0.98636 2.6182 0.59977 3.394 -1.1089 -0.13621
3.4455 1.7089 2.6273 1.2998 1.8 2.9544 2.6182 3.3635 -1.2 -0.21364
-0.75179 5.3028 -2.0824 4.6204 -2.65 5.7273 -1.3194 6.4096 -1.2 0.027424
2.1217 4.7635 1.3432 4.3375 0.32377 6.2001 1.1023 6.6262 -1.2 -0.2453
-1.3864 2.1545 -0.71364 1.5818 0.82273 3.4 0.15 3.9727 -1.2 -0.3
-1.1955 0.31818 -0.45909 0.47273 -0.73182 1.7727 -1.4682 1.6182 -1.2 -0.3
-1.1541 3.2953 1.2136 2.6 1.5524 3.7687 -0.81529 4.464 -1.1318 -0.10894
0.92273 0.018182 0.20455 0.23636 0.63182 1.6636 1.35 1.4455 -1.2 -0.3
1.0227 2.9727 -1.2045 2.3545 -1.4864 3.3818 0.74091 4 -1.1227 -0.072576
1.7955 0.65455 1.0773 0.4 0.66818 1.5545 1.3864 1.8091 -1.2 -0.3
1.3682 2.3091 -0.44091 0.9 -1.0682 1.7 0.74091 3.1091 -1.0409 -0.068182
-0.05 3.1818 -1.5896 1.6703 -2.3864 2.4818 -0.84681 3.9934 -1.1635 -0.099849
2.0318 2.6364 1.1136 1.8545 0.031818 3.1182 0.95 3.9 -1.2 -0.3
-1.5136 3.2545 0.71284 2.9577 0.84091 3.9182 -1.3856 4.215 -1.1682 -0.054394
1.6773 1.0273 0.47727 1.2455 0.82273 3.1455 2.0227 2.9273 -1.1998 -0.17727
1.0192 2.8612 -0.95 1.9091 -1.3556 2.7479 0.61364 3.7 -0.51803 0.49106
1.2591 1.8909 -0.65909 0.97273 -1.05 1.7818 0.86818 2.7 -1.3591 -0.3
-3.1409 3.5636 -1.5409 4.1636 -1.8955 5.1182 -3.4955 4.5182 -1.2 -0.3
0.79757 3.4502 -1.2227 2.1545 -1.7794 3.0226 0.24091 4.3182 -1.1271 -0.17727
2.3318 2.4636 1.5136 1.9455 0.64091 3.3091 1.4591 3.8273 -1.118 -0.19985
-0.068182 4.2091 -1.7773 2.6 -2.3773 3.2364 -0.66818 4.8455 -1.1591 -0.25
1.7813 3.7486 1.0227 3.0862 -0.053229 4.3221 0.70538 4.9845 -1.2 -0.3
1.0409 2.2818 -1.1045 1.9182 -1.25 2.7727 0.89545 3.1364 -1.0544 -0.090758
0.15 2.6182 -1.7864 1.8636 -2.15 2.8 -0.21364 3.5545 -1.2 -0.26818
-1.6045 3.1909 0.23182 2.3 0.62273 3.1091 -1.2136 4 -1.0591 -0.068182
-0.83182 1.0364 -0.040909 0.84545 0.35909 2.5182 -0.43182 2.7091 -1.1591 -0.3
0.95909 4.2818 1.5682 3.7182 2.8864 5.1545 2.2773 5.7182 -1.2 -0.41803
1.3227 2.7455 -0.23182 1.2182 -0.86818 1.8636 0.68636 3.3909 -1.2 -0.20894
1.0045 2.3182 -0.78636 1.3818 -1.2591 2.2818 0.53182 3.2182 -1.2362 -0.43182
2.0318 2.6455 1.1247 2.1598 0.022727 4.2182 0.92986 4.7038 -1.3227 -0.48636
-1.6318 2.0455 -0.094074 0.7835 0.531 1.5452 -1.0067 2.8071 -1.118 -0.3
-1.198 2.9585 0.50455 1.5636 1.0769 2.2623 -0.62563 3.6571 -1.2 -0.3
-0.18502 4.571 1.0318 3.7 1.6577 4.5776 0.4409 5.4486 -1.2 -0.3
-0.028457 3.2492 1.3773 2.3364 1.8648 3.0872 0.45909 4 -1.2 -0.099849
-1.6773 1.8636 0.21364 0.80909 0.72273 1.7182 -1.1682 2.7727 -0.98636 -0.022727
-1.8628 2.2089 -0.90455 1.4636 -0.35336 2.1723 -1.3116 2.9176 -0.67258 0.18636
2.7626 2.107 2.0196 1.4521 0.72727 2.9182 1.4702 3.5731 -1.2 -0.15
3.3364 2.9364 0.45081 0.53786 -1.7091 3.1364 1.1765 5.5349 -1.3045 -0.29545
-2.3924 2.9085 0.18182 0.61818 2.3016 2.9957 -0.27264 5.2861 -1.3136 -0.23182
-2.1684 1.8778 0.95056 0.7436 2.0455 3.7545 -1.0735 4.8887 -1.3318 -0.12273
-3.0318 2.5091 -1.4864 1.2909 0.0045455 3.1818 -1.5409 4.4 -1.2 -0.040909
-1.8144 1.8459 -1.1818 1.4182 -0.56742 2.3268 -1.2 2.7545 -1.2 -0.3
1.9773 3.3273 -0.17727 3.2818 -0.20909 4.2182 1.9455 4.2636 -1.2 -0.3
0.67727 3.8727 -1.3864 3.1727 -1.6682 4.0182 0.39545 4.7182 -1.2682 -0.3
1.7318 3.2818 1.0955 3.0545 0.78636 3.9273 1.4227 4.1545 -1.2 -0.38636
2.1682 2.0909 1.5318 1.8909 1.25 2.8 1.8864 3 -1.2 -0.38636
-1.6032 0.91204 0.3 0.84545 0.40114 3.7363 -1.502 3.8029 -1.2 -0.23182
2.7104 0.80328 1.0273 0.85455 1.1195 3.7981 2.8027 3.7469 -1.2 -0.3
-0.99545 3.8364 1.2227 3.6545 1.3045 4.7 -0.91364 4.8818 -1.2591 -0.16818
2.2182 1.6455 1.1419 1.7064 1.2737 4.0349 2.35 3.974 -1.2 -0.20455
0.99545 3.2545 -0.89545 1.8 -1.45 2.5273 0.44091 3.9818 -1.2 -0.3
-1.95 4.3909 0.22273 3.2727 0.75909 4.3182 -1.4136 5.4364 -1.2 -0.068182
-0.95 4.5909 0.95853 3.0498 1.6818 3.9455 -0.22671 5.4866 -1.2 -0.15
-2.3044 2.8329 0.53859 0.82023 1.9273 2.7818 -0.91568 4.7944 -1.2682 -0.22273
-2.1063 2.5368 0.018182 0.63636 1.8883 2.723 -0.23618 4.6234 -1.2 -0.23182
1.2727 1.9909 -0.49638 0.89897 -1.6136 2.7091 0.15548 3.801 -1.15 -0.27727
1.6455 3.2 -0.60336 2.5245 -0.86637 3.3944 1.3824 4.07 -1.1591 -0.059091
-0.081818 3.2 -2.0261 2.172 -2.4605 2.992 -0.51617 4.02 -1.1682 -0.18636
1.5727 2.3273 0.74368 1.8562 -0.081818 3.3091 0.74723 3.7801 -1.1773 -0.24091
2.3636 2.4909 -1.0048 1.1167 -1.7485 2.9496 1.6199 4.3238 -1.3318 -0.25
1.3591 3.6727 -1.3784 2.936 -1.8083 4.5356 0.92921 5.2723 -1.1591 -0.13182
-1.5682 3.4727 0.72273 2.4909 1.1045 3.3727 -1.1864 4.3545 -1.1318 -0.12273
0.45 2.8182 1.4578 1.9121 1.9864 2.5 0.97857 3.4061 -1.3409 -0.55909
0.086364 2.5727 -0.90449 1.6413 -1.3955 2.1636 -0.40461 3.095 -1.2864 -0.49545
-1.1999 1.5737 -0.55 1.1818 0.11813 2.2899 -0.53182 2.6818 -1.35 -0.60154
0.72026 2.354 -0.46818 1.5545 -0.83718 2.1031 0.35126 2.9025 -1.2955 -0.55
-0.55909 1.0364 0.059091 0.66364 1.0682 2.3273 0.45 2.7 -1.218 -0.46818
-2.4318 2.9636 -1.8955 2.6 -1.1682 3.6727 -1.7045 4.0364 -1.2 -0.48636
1.4318 1.9091 0.86333 1.3773 -0.068025 2.3729 0.50046 2.9047 -1.2773 -0.56818
1.0591 0.78182 -0.66994 0.83208 -0.65 1.5182 1.079 1.4679 -1.3318 -0.62273
1.4886 3.5037 0.10455 3.6182 0.15687 4.2508 1.5409 4.1364 -1.3362 -0.65439
0.74953 0.59943 0.031818 0.82727 0.63229 2.7188 1.35 2.4909 -1.2908 -0.59545
1.8387 2.5539 1.2454 2.0485 0.37727 3.0727 0.97054 3.5781 -1.292 -0.58287
-1.4773 2.3909 0.40455 2.0727 0.52273 2.7818 -1.3591 3.1 -1.2829 -0.58636
-0.74805 2.5594 0.65 1.4364 1.1208 2.0224 -0.27727 3.1455 -1.2 -0.41063
-0.94845 2.3818 0.80011 1.4315 1.2425 2.2455 -0.50609 3.1958 -1.2955 -0.39545
-1.9942 1.5705 -1.2575 1.6168 -1.3582 3.2279 -2.0949 3.1816 -1.4011 -0.59969
1.497 1.2636 -0.50946 0.95567 -0.63102 1.7476 1.3754 2.0556 -1.2652 -0.60154
-1.1654 1.1552 0.67556 0.25518 0.98636 0.89091 -0.85463 1.7909 -1.2817 -0.53182
-2.3227 2.4545 -1.4409 1.9727 -0.54091 3.6091 -1.4227 4.0909 -1.3227 -0.37727
2.3045 2.2771 0.27751 1.6183 -0.0045455 2.4862 2.0225 3.145 -1.4864 -0.60455
-0.92273 1.2727 -0.21364 1.2 -0.059091 2.7364 -0.76818 2.8091 -1.2 -0.47378
-0.96818 1.668 0.41364 1.668 0.41364 2.4589 -0.96818 2.4589 -1.3591 -0.67727
-1.0318 2.7364 0.29545 2.7364 0.29545 3.5 -1.0318 3.5 -1.2682 -0.54091
1.5409 1.2273 1.0209 0.7856 -0.095455 2.1 0.42457 2.5417 -1.3409 -0.57727
0.78636 2.9364 -0.49545 2.5 -0.75 3.2364 0.53182 3.6727 -1.2864 -0.57727
1.7888 1.3226 -0.11341 0.59885 -0.41589 1.3853 1.4864 2.1091 -1.2773 -0.56348
0.66818 0.65455 -0.065159 0.86507 0.47727 2.7545 1.2106 2.544 -1.3045 -0.60455
-1.7864 1.7 -1.0864 1.4727 -0.66818 2.7818 -1.3682 3.0091 -1.2955 -0.58636
-0.10455 1.6455 -0.66818 1.2 -1.4318 2.1636 -0.86818 2.6091 -1.3106 -0.547
1.5263 2.6341 1.0016 2.1727 -0.24744 3.5932 0.27727 4.0545 -1.347 -0.66518
0.88792 0.45405 0.4095 0.78602 1.362 2.1505 1.8405 1.8185 -1.292 -0.61063
-1.0642 2.9594 0.019758 2.063 0.48636 2.6273 -0.5976 3.5236 -1.2561 -0.547
1.6955 0.99091 -0.45 0.75455 -0.54091 1.5455 1.6045 1.7818 -1.2864 -0.65909
-1.8318 2.7091 -0.99545 2.6818 -0.95909 3.9273 -1.7955 3.9545 -1.2955 -0.57727
-0.91364 2.3727 0.95909 1.9818 1.1045 2.7 -0.76818 3.0909 -1.3318 -0.69545
-0.031818 2.2545 0.95 1.4364 1.4045 1.9727 0.42273 2.7909 -1.3106 -0.57427
-2.5759 1.8074 -1.9234 1.3686 -1.152 2.5158 -1.8045 2.9545 -1.2652 -0.61063
-1.0121 1.9 -0.48944 1.508 0.26818 2.5182 -0.25446 2.9102 -1.3379 -0.60154
4.1955 4.1636 3.1358 4.8081 3.4682 5.3545 4.5278 4.71 -1.3409 -0.67727
1.638 3.9342 0.57909 3.14 0.13182 3.7364 1.1907 4.5305 -1.5011 -0.79545
1.3086 2.2847 0.55553 1.6026 -0.51221 2.7816 0.24091 3.4636 -1.3318 -0.42273
0.87727 0.67273 0.066191 0.018896 -1.4564 1.9077 -0.64535 2.5616 -1.1955 -0.41364
1.8864 1.8909 -0.37921 0.15841 -1.1836 1.2042 1.0819 2.9367 -1.2834 -0.38167
-0.031818 3.9909 1.1591 3.6909 1.3136 4.3 0.12273 4.6 -1.3106 -0.57427
2.7489 2.6802 2.0879 2.8455 2.4285 4.2077 3.0894 4.0424 -1.2925 -0.66518
-1.3318 1.5364 0.0089938 1.3377 0.11519 2.0545 -1.2256 2.2532 -1.118 -0.32712
1.5591 0.67273 0.91364 0.76364 1.0773 1.9 1.7227 1.8091 -1.1271 -0.3453
1.0061 1.3063 0.34782 0.91563 -0.30669 2.0184 0.35155 2.4091 -1.1318 -0.40455
-1.45 0.59091 -0.81221 0.92803 -1.153 1.5727 -1.7908 1.2356 -1.1864 -0.41063
0.67446 2.2189 -0.37572 1.4273 -0.80685 1.9992 0.24332 2.7909 -1.4015 -0.67727
2.4045 2.8455 1.8682 2.4182 1.0773 3.4 1.6136 3.8273 -1.447 -0.68636
-1.15 1.8909 -0.62273 1.4091 0.24091 2.3636 -0.28636 2.8455 -1.3374 -0.6556
0.41206 3.6263 1.3606 2.7455 1.8259 3.2464 0.87727 4.1273 -1.2379 -0.52745
-1.2757 2.2273 0.42509 1.0124 0.96818 1.7727 -0.73263 2.9876 -1.2 -0.58287
-1.3009 1.6121 -0.40927 1.2468 0.19545 2.7818 -0.69614 3.1471 -1.45 -0.60455
0.82192 0.90611 -0.17727 0.97273 -0.090307 2.2151 0.90889 2.1485 -1.5227 -0.68636
0.88636 2.1273 -0.60048 2.2196 -0.56235 3.0342 0.92449 2.9418 -1.5955 -0.69545
1.7753 1.5095 1.0318 1.0364 0.23498 2.2929 0.97851 2.7661 -1.3682 -0.52273
0.84545 2.7636 -0.31818 1.9273 -0.72727 2.4909 0.43636 3.3273 -1.35 -0.74091
1.1361 0.22304 0.29058 0.54444 0.89064 2.123 1.7362 1.8016 -1.3591 -0.51364
-1.6591 1.1273 -0.684 0.7296 -0.095455 2.1727 -1.0705 2.5704 -1.2 -0.62273
-1.7773 2.3455 0.5593 0.56966 1.75 2.1364 -0.58658 3.9122 -1.3136 -0.53182
-1.65 1.2909 0.50543 -0.1827 1.7864 1.6909 -0.36906 3.1645 -1.25 -0.41364
1.9919 1.5625 -0.62273 0.036364 -1.7241 1.9232 0.89054 3.4494 -1.3682 -0.45909
0.91655 0.98525 0.14091 0.76364 -0.071098 1.5057 0.70455 1.7273 -1.4045 -0.49545
-1.5597 2.0899 -1.0136 1.6 0.27902 3.0312 -0.26705 3.521 -1.3266 -0.54476
-0.33044 1.8575 0.41156 1.4818 1.3445 3.3243 0.60247 3.7 -1.2811 -0.49021
-0.77727 1.1818 0.068182 1.2182 -0.022727 3.3 -0.86818 3.2636 -1.2538 -0.50839
0.13998 2.8114 -1.6521 2.1636 -1.8678 2.7605 -0.075744 3.4082 -1.2538 -0.43567
1.3864 1.6 0.75 1.4818 0.35909 3.6364 0.99545 3.7545 -1.2266 -0.43567
-1.2955 2.1455 -0.49692 2.3033 -0.69753 3.3182 -1.4961 3.1603 -1.2448 -0.46294
-1.8339 3.3727 -0.19639 1.8214 0.42065 2.4727 -1.2169 4.024 -1.2538 -0.48112
-1.1591 2.7182 0.52333 2.7743 0.50247 3.4 -1.1799 3.3439 -1.3266 -0.43567
-1.4884 1.5636 0.13759 2.0441 -0.10922 2.8794 -1.7352 2.399 -1.3084 -0.42658
-0.63225 2.7048 1.0431 1.66 1.4479 2.3091 -0.22748 3.3539 -1.2 -0.27203
-1.4065 1.5825 -0.6546 1.3467 -0.26497 2.5893 -1.0169 2.8251 -1.2543 -0.49056
0.64239 3.2618 -0.63488 2.9576 -0.81833 3.7226 0.45894 4.0268 -1.2063 -0.51625
1.5422 1.9184 0.77323 1.8974 0.73993 3.1178 1.5089 3.1387 -1.2 -0.54125
1.2377 2.8504 -0.034416 2.3323 -0.31529 3.022 0.95683 3.5401 -1.1438 -0.47052
-2.2182 1.4375 -0.61942 1.4146 -0.60745 2.2521 -2.2062 2.2749 -1.3938 -0.38125
-1.9438 0.4375 -0.96875 0.4375 -0.96875 2.8375 -1.9437 2.8375 -1.2188 -0.40625
-1.3757 1.1547 -0.66084 0.68922 0.39941 2.3174 -0.31541 2.7829 -1.2313 -0.45003
-1.5403 1.0287 -0.66183 0.83135 -0.31291 2.3841 -1.1913 2.5815 -1.1688 -0.41364
2.0214 4.7278 1.1403 4.9578 1.6471 6.8989 2.5282 6.6689 -1.1242 -0.24375
1.2379 2.313 -0.75907 0.97833 -1.2572 1.7237 0.73978 3.0584 -1.1562 -0.33396
0.85181 2.1904 -1.2981 1.2714 -1.6484 2.0909 0.50152 3.0099 -1.2688 -0.46875
1.7931 2.0163 -0.57472 0.79651 -1.0537 1.7172 1.3141 2.9369 -1.1301 -0.3
2.3912 0.23481 1.7733 0.225 1.7508 1.6402 2.3687 1.65 -1.1688 -0.63125
3.9839 4.6095 3.4948 4.5862 3.4727 5.0504 3.9618 5.0736 -1.3017 -0.5642
0.88179 2.0411 0.39553 2.0179 0.36203 2.7214 0.84829 2.7446 -1.2812 -0.77153
-1.0526 1.9377 -0.56035 1.9592 -0.59062 2.6512 -1.0828 2.6297 -1.3114 -0.7959
-1.0321 2.5195 -0.028621 2.3837 0.29331 4.6993 -0.71013 4.835 -1.2 -0.3
1.818 4.0378 -0.30118 2.7139 -0.86409 3.615 1.2551 4.9388 -1.2994 -0.33693
1.3255 2.6038 -0.39544 1.7902 -0.74022 2.5194 0.9807 3.333 -1.2142 -0.45077
-2.5185 2.4391 -1.8232 2.0591 -1.2472 3.1333 -1.9424 3.5133 -1.1517 -0.4142
1.6303 3.1727 0.11796 2.704 -0.1768 3.6551 1.3355 4.1238 -0.7642 0.14425
2.5613 3.322 1.7442 3.0707 1.5262 3.7793 2.3434 4.0306 -0.8814 0.1858
0.26959 1.3598 -0.63102 1.0179 -1.2036 2.5263 -0.30301 2.8682 -0.9642 0.060795
-1.1702 1.9223 0.81509 0.90366 1.2637 1.778 -0.72161 2.7967 -1.2119 -0.37013
-1.8311 1.3999 -0.4689 1.3415 -0.34373 4.2623 -1.706 4.3206 -1.3562 -0.53125
-1.4406 1.4453 -0.25267 1.3913 -0.13086 4.071 -1.3188 4.125 -1.2812 -0.33125
1.6199 1.3778 -0.74789 0.83468 -0.97865 1.8406 1.3892 2.3838 -1.256 -0.29807
1.8521 1.8411 -0.33019 2.4061 -0.066862 3.4231 2.1154 2.858 -1.465 -0.54731
-1.0044 2.3771 1.306 2.1871 1.3804 3.0749 -0.92999 3.2649 -1.2 -0.38636
2.3537 3.8731 0.37068 2.7973 -0.085522 3.6383 1.8975 4.714 -1.3009 -0.43599
-2.4596 2.2138 -1.5294 1.7089 -0.62331 3.3783 -1.5535 3.8832 -1.3668 -0.42788
0.84871 2.4907 2.1153 1.2504 2.8848 2.0362 1.6183 3.2766 -1.3465 -0.46766
-1.5776 5.0618 -0.31028 3.8317 0.33679 4.4983 -0.93049 5.7285 -1.1782 -0.33122
-4.181 5.2643 -3.381 4.4858 -2.6395 5.2477 -3.4395 6.0263 -1.1222 -0.63914
-1.8947 1.6176 -0.43924 0.31349 -0.035925 0.76362 -1.4914 2.0677 -1.2483 -0.40709
0.63241 0.63985 -0.45623 0.61247 -0.50742 2.6475 0.58122 2.6749 -1.2563 -0.11875
-1.4366 0.93243 -0.39783 0.82443 -0.2363 2.3781 -1.2751 2.4861 -1.2807 -0.33419
2.1547 2.3398 1.4461 1.8723 1.0202 2.5177 1.7288 2.9852 -1.4098 -0.7383
0.28164 2.8679 -1.1651 1.9115 -1.6779 2.6872 -0.23113 3.6435 -1.3174 -0.48769
0.74914 2.4938 -1.3239 2.2246 -1.427 3.0187 0.64604 3.2879 -1.3021 -0.4456
-0.29894 3.2504 -1.5158 2.4891 -1.9113 3.1213 -0.6944 3.8825 -1.2863 -0.41116
-0.80605 3.4646 0.84552 2.8369 1.2046 3.7816 -0.447 4.4093 -1.4181 -0.64562
1.0739 0.56715 0.43495 0.80898 0.89931 2.0359 1.5383 1.7941 -1.4756 -0.82056
0.71845 0.92444 -0.10681 0.75841 -0.40144 2.2229 0.42382 2.3889 -1.5124 -0.5333
-2.0848 2.5869 -0.82606 2.8452 -1.0128 3.7554 -2.2716 3.4971 -1.3541 -0.52954
0.87058 1.3322 0.012648 1.0671 -0.55271 2.8967 0.30522 3.1618 -1.3663 -0.50716
-0.74973 0.75689 0.26696 0.80565 0.16635 2.9032 -0.85033 2.8544 -1.3728 -0.4266
1.437 2.3698 -0.29328 1.1585 -0.82595 1.9193 0.90438 3.1307 -1.3057 -0.40995
0.94332 3.033 -0.85478 1.7264 -1.5567 2.6922 0.24142 3.9989 -1.3313 -0.46333
2.9932 0.91246 0.34276 0.55926 0.19949 1.6344 2.8499 1.9876 -1.3313 -0.74375
0.82255 0.65154 -0.19501 0.95564 0.36427 2.8271 1.3818 2.523 -1.2563 -0.38125
-0.12705 2.0604 0.98785 1.0789 1.5391 1.705 0.42418 2.6865 -1.3062 -0.53579
-1.7515 0.8598 -0.42045 1.5463 -0.85769 2.3941 -2.1888 1.7075 -1.2688 -0.46875
-1.873 1.7144 0.029898 0.97693 0.42593 1.9988 -1.477 2.7363 -1.3937 -0.42289
1.0353 0.42729 0.37656 0.58494 0.6995 1.9343 1.3582 1.7766 -1.3563 -0.53125
-2.4231 5.27 -3.3897 4.6989 -3.7029 5.2291 -2.7364 5.8002 -1.417 -0.69181
0.42995 2.1134 -0.75874 1.7268 -1.0292 2.5459 0.15952 2.9324 -1.2826 -0.42014
-1.525 3.5444 -2.322 2.959 -2.6366 3.3869 -1.8396 3.9723 -1.35 -0.52273
-0.6126 4.0009 0.11076 3.5898 0.67302 4.5791 -0.050346 4.9903 -1.3798 -0.48403
-1.9105 1.3007 -1.0294 1.2586 -0.98596 2.1687 -1.867 2.2108 -1.4029 -0.61788
0.88245 2.1182 -1.1263 1.4757 -1.4205 2.3957 0.58819 3.0382 -1.2604 -0.41471
1.6512 0.73115 0.079518 1.299 0.4001 2.1863 1.9718 1.6184 -1.3843 -0.60207
1.0187 1.0249 -0.5515 0.92904 -0.60621 1.8249 0.96397 1.9208 -1.4563 -0.73125
-1.8561 1.4124 -0.94262 1.4418 -1.0272 4.0743 -1.9407 4.045 -1.4563 -0.66875
-1.8991 2.845 -1.2494 2.2356 -0.24986 3.3012 -0.89951 3.9106 -1.4009 -0.70654
-0.1474 3.6681 1.365 2.2508 1.9652 2.8913 0.45277 4.3086 -1.3837 -0.62656
-2.3988 3.5672 -0.20673 2.1014 1.0452 3.9737 -1.1469 5.4395 -1.4248 -0.4742
3.0267 6.5614 3.4295 6.2914 3.8819 6.9663 3.4791 7.2363 -1.4608 -0.83401
2.1736 2.5732 -1.1881 1.7403 -1.5449 3.1805 1.8168 4.0134 -1.2987 -0.34304
3.4007 1.9239 0.10624 0.14999 -1.3747 2.9004 1.9197 4.6743 -1.5438 -0.48125
-0.39654 2.7443 1.4657 1.762 1.9709 2.7197 0.10866 3.7021 -1.419 -0.26508
-2.0223 2.0899 -0.35253 0.45969 1.3615 2.2154 -0.30827 3.8456 -1.3132 -0.52197
-2.4438 1.2045 -0.73913 0.93816 -0.64462 1.5431 -2.3493 1.8094 -1.3479 -0.79188
0.54474 2.9264 -0.11903 2.3039 -1.5171 3.7947 -0.85333 4.4172 -1.3842 -0.65902
2.2965 2.6712 -0.16593 1.8075 -0.53934 2.8721 1.923 3.7358 -1.3007 -0.42379
2.6595 0.080528 0.7312 0.23748 0.81474 1.2639 2.7431 1.1069 -1.4937 -0.56875
-2.502 3.2932 -1.7104 2.955 -1.2689 3.9885 -2.0605 4.3267 -1.2913 -0.48893
-0.30642 2.8829 -1.4922 2.0291 -2.0562 2.8125 -0.87046 3.6663 -1.2563 -0.41875
1.8621 2.9178 1.396 3.0495 2.0444 5.3448 2.5105 5.2131 -1.2906 -0.4484
-2.878 5.0248 -0.91796 4.1952 -0.36027 5.5128 -2.3203 6.3424 -1.3411 -0.58934
-1.355 3.9971 0.71864 3.1686 1.0786 4.0695 -0.99506 4.8981 -1.2421 -0.42985
-0.72945 1.8203 -0.17476 1.345 1.1639 2.9072 0.60918 3.3825 -1.3141 -0.42663
1.1134 2.1054 0.25276 1.5108 -0.66943 2.8455 0.1912 3.4401 -1.2689 -0.39599
-2.706 1.724 -1.0086 1.1924 -0.75209 2.0113 -2.4495 2.5429 -1.2632 -0.4031
-0.8957 3.1253 -0.019364 2.9995 0.31828 5.3523 -0.55805 5.4781 -1.4795 -0.72998
2.471 4.7788 -0.025651 5.1292 0.10946 6.092 2.6061 5.7416 -1.4633 -0.75225
4.8792 1.3106 2.5599 1.4327 2.6105 2.3948 4.9299 2.2728 -1.2563 -0.54375
-2.5536 2.5422 -1.8228 2.2584 -1.0757 4.1825 -1.8065 4.4663 -1.4087 -0.70751
-1.0603 4.0648 0.9719 3.2812 1.3794 4.3379 -0.65277 5.1215 -1.4253 -0.67919
-1.7064 5.6097 0.36155 5.3949 0.48313 6.5651 -1.5848 6.7799 -1.2355 -0.56138
-2.1011 1.6428 -0.1683 1.4424 -0.08203 2.2745 -2.0148 2.4749 -1.2948 -0.61602
-1.6916 1.3473 0.29741 1.4011 0.27638 2.3966 -1.7126 2.3428 -1.2063 -0.56875
-2.0238 5.2951 -0.76871 5.2373 -0.73399 5.8819 -1.9891 5.9397 -1.2188 -0.51875
0.24249 2.5498 -1.2714 2.0315 -1.5654 2.8954 -0.051451 3.4138 -1.2 -0.51375
-0.91578 1.2554 0.10349 1.1287 0.35765 3.174 -0.66162 3.3006 -1.2771 -0.34969
-1.8122 4.0752 -0.65589 3.9282 -0.54247 4.8202 -1.6988 4.9672 -1.2801 -0.39225
-0.36518 1.552 0.55347 1.0152 1.6024 2.8101 0.68375 3.3469 -1.3314 -0.36116
3.0322 1.9263 0.95699 0.92396 0.57579 1.7132 2.651 2.7155 -1.2877 -0.65047
-2.6718 3.7539 -2.0976 3.2318 -0.84671 4.6073 -1.4209 5.1295 -1.1635 -0.43507
0.17985 2.088 -0.72659 1.8689 -1.1103 3.4564 -0.20388 3.6755 -1.3533 -0.55509
1.403 4.4658 -0.70317 4.2031 -0.8339 5.2514 1.2723 5.514 -1.3537 -0.49125
-2.4638 4.1965 0.168 2.0095 1.8386 4.0199 -0.79328 6.2069 -1.2594 -0.34974
-1.5409 1.1091 1.3773 1.0364 1.4682 4.5182 -1.45 4.5909 -1.5773 -0.76818
2.9597 2.231 1.0408 1.8702 0.5855 4.2923 2.5044 4.653 -1.354 -0.4804
-2.7966 3.8128 -0.55339 2.0745 1.6822 4.9594 -0.56102 6.6977 -1.3604 -0.48155
0.043167 1.7466 0.70255 1.2244 1.2721 1.9435 0.61271 2.4658 -1.1958 -0.34608
-0.33439 1.3443 0.64284 1.2079 0.91705 3.1727 -0.060171 3.3091 -1.3302 -0.52261
-0.73486 1.0544 0.15039 0.33935 1.4202 1.9114 0.53499 2.6265 -1.3946 -0.52636
-1.3755 0.75184 -0.57362 1.2691 -1.4468 2.6227 -2.2486 2.1055 -1.3867 -0.88678
1.4482 4.9958 -0.77257 4.1742 -1.1018 5.064 1.119 5.8856 -1.3862 -0.4848
2.079 2.1377 0.78918 1.6588 0.48224 2.4855 1.7721 2.9644 -1.3036 -0.46527
-2.1382 2.8616 -1.3931 2.3906 -0.39168 3.9747 -1.1368 4.4457 -1.2691 -0.39971
1.1866 0.87429 0.3635 1.3953 1.2553 2.8041 2.0784 2.2831 -1.3082 -0.53689
1.0809 3.6489 -0.73692 2.1293 -2.8069 4.6056 -0.98903 6.1251 -1.2569 -0.43753
2.2936 4.0997 0.53122 4.0997 0.53122 5.0122 2.2936 5.0122 -1.2 -0.34375
2.1349 2.6453 0.061495 1.5476 -0.33494 2.2964 1.7384 3.3941 -1.2613 -0.49578
-0.99025 1.6449 -0.055196 1.0328 1.1604 2.8898 0.22539 3.5019 -1.2985 -0.48833
-1.4576 0.67247 -0.09655 0.81088 -0.44371 4.2246 -1.8047 4.0862 -1.3688 -0.43125
-2.1301 2.8926 -1.0257 3.1636 -1.2625 4.1286 -2.367 3.8576 -1.3196 -0.53814
-1.9932 4.7426 0.73118 2.5873 1.6978 3.7886 -1.0265 5.9439 -1.2688 -0.24375
-2.0484 2.8484 1.4696 2.5315 1.5934 3.9067 -1.9246 4.2236 -1.3852 -0.205
1.7327 1.4506 0.74385 1.5372 0.8183 2.3868 1.8071 2.3002 -1.3683 -0.7097
-2.4161 3.4691 -1.3998 2.5214 0.78507 4.8646 -0.23124 5.8122 -1.2437 -0.21875
2.8306 4.0042 0.01817 3.1469 -0.34751 4.3466 2.4649 5.2039 -1.2912 -0.31422
0.50684 1.9973 -0.39651 1.4924 -1.3989 3.3262 -0.49557 3.8311 -1.455 -0.48833
-1.9961 2.7353 -0.33254 1.3194 0.30754 2.0715 -1.356 3.4873 -1.2985 -0.49088
2.1605 2.1883 1.2442 1.6485 0.86937 2.2847 1.7857 2.8245 -1.3803 -0.72155
1.5475 0.79774 -0.77529 0.66265 -0.92224 3.1894 1.4005 3.3245 -1.2107 -0.30925
-0.20577 4.2098 -1.6244 3.5346 -1.9947 4.3126 -0.57601 4.9878 -1.2018 -0.46343
1.4924 2.7849 0.64629 2.3793 -0.25245 4.2542 0.59364 4.6598 -1.2613 -0.34732
2.4687 1.95 1.5661 2.0028 1.7062 4.4 2.6089 4.3472 -1.2438 -0.28125
-2.4937 3.825 -0.93731 2.6629 -0.25625 3.575 -1.8127 4.7371 -1.2563 -0.25625
1.6127 3.2811 -0.094942 2.0425 -0.71593 2.8981 0.99171 4.1368 -1.455 -0.52167
2.5383 4.4822 1.4117 3.9584 0.46852 5.9871 1.5951 6.5109 -1.1519 -0.22629
1.9596 3.0655 -0.2876 3.0525 -0.29358 4.0893 1.9537 4.1022 -1.471 -0.52407
-1.3256 0.98485 -0.1335 0.056229 0.43124 0.77499 -0.76091 1.7036 -1.4563 -0.53125
3.7122 3.3305 2.8436 3.2999 2.7521 5.4957 3.6207 5.5263 -1.3687 -0.59375
-0.80617 2.7712 -0.072977 2.1293 1.2215 3.6079 0.48828 4.2498 -1.3922 -0.47757
-1.2663 0.92983 -0.11858 1.2549 -0.4197 2.3182 -1.5675 1.9932 -1.2 -0.092424
0.58939 1.2545 -0.4197 1.2545 -0.4197 2.1455 0.58939 2.1455 -1.2 -0.24091
0.83335 1.2616 -0.086364 1.4182 0.04241 2.1747 0.96212 2.0182 -1.0409 -0.16818
-0.68636 0.32727 0.30455 0.23636 0.47727 2.0727 -0.51364 2.1636 -0.95 0.21364
-1.9409 3.1182 -0.24297 2.0996 0.9262 4.0486 -0.77174 5.0672 -1.2 -0.23182
-1.0227 2 1.3019 1.6719 1.412 2.4524 -0.91258 2.7805 -1.3348 -0.23182
1.9318 0.6 1.2591 0.38182 0.85909 1.6273 1.5318 1.8455 0.45909 2.15
2.3149 2.8597 1.5227 2.1758 0.32762 3.56 1.1198 4.244 -1.4712 -0.70758
-2.6044 2.3967 -0.47727 2.3455 -0.45097 3.4368 -2.5781 3.4881 -1.2894 -0.49242
-2.5699 1.7562 -1.9227 1.1394 -0.51195 2.6196 -1.1591 3.2364 -1.4712 -0.70758
0.90455 2.5545 -1.0272 2.0448 -1.2409 2.8545 0.69086 3.3643 -1.0773 -0.20455
2.6136 0.87273 1.0362 2.1906 1.6128 2.8791 3.1903 1.5612 -1.2985 -0.41667
2.45 2.603 0.39694 1.6291 0.058047 2.3436 2.1111 3.3174 -1.3985 -0.55606
-1.1166 2.1634 -0.36818 1.5273 0.99713 3.1531 0.24874 3.7893 -1.3409 -0.59545
-1.5078 0.5681 -0.86818 0.49091 -0.65322 2.272 -1.2928 2.3492 -1.2 -0.19848
1.8009 1.5129 -0.0045455 0.82727 -0.27727 1.5455 1.5282 2.2311 -1.2 -0.35303
1.7045 0.027273 0.076055 0.63492 0.39586 1.4877 2.0243 0.88007 -1.2591 -0.41364
1.398 2.0143 -0.58636 0.97273 -0.97167 1.7068 1.0127 2.7484 -1.2348 -0.25303
-1.0045 1.9455 0.95 1.6182 1.0864 2.4455 -0.86818 2.7727 -0.97727 -0.3
-0.92879 2.2909 0.98527 2.1687 1.0348 2.9455 -0.87921 3.0676 -1.1227 -0.37727
-1.4136 1.3182 -0.66717 0.92191 0.20758 2.5697 -0.53889 2.966 -0.81364 -0.12273
1.2803 2.3152 -0.23756 1.0959 -0.84697 1.8545 0.67089 3.0738 -0.74091 0.04697
1.1803 2.2545 -0.78148 0.85678 -1.3045 1.5909 0.65723 2.9887 -1.3561 -0.39848
1.4439 1.0182 0.39877 0.82191 0.012145 2.8807 1.0573 3.0769 -1.3409 -0.35
-0.56303 2.4533 1.1076 1.0455 1.8933 1.9779 0.22273 3.3857 -1.15 -0.19545
1.4449 1.7094 -0.7197 0.9 -1.1207 1.9724 1.0439 2.7818 -1.2 -0.15606
1.5682 2.5 -0.94556 1.9674 -1.1726 3.0246 1.3411 3.5572 -1.0591 0.080303
-0.80333 4.0182 -1.9967 3.343 -2.5132 4.2549 -1.3199 4.9301 -1.4518 -0.60636
0.85692 2.822 1.6603 2.3909 2.0536 3.1228 1.2502 3.5539 -1.3973 -0.60636
-0.87325 1.087 -0.22152 0.55091 0.81756 1.8266 0.16582 2.3627 -1.6064 -0.83364
1.6421 1.5049 0.88155 1.8376 1.1851 2.5315 1.9457 2.1987 -1.5973 -0.87
-1.1551 4.7404 0.25121 3.8818 0.79265 4.77 -0.61366 5.6286 -1.4518 -0.68455
2.3262 2.5298 1.4967 2.4273 1.3217 3.8429 2.1512 3.9455 -1.5882 -0.95182
-1.0864 1.6182 0.15909 1.2909 0.35909 2.0455 -0.88636 2.3727 -1.6064 -0.78818
2.2458 3.467 1.1785 3.5727 1.2736 4.533 2.3409 4.4273 -1.6336 -0.87
1.1591 1.6545 0.10472 0.93972 -0.32964 1.5814 0.72474 2.2962 -1.47 -0.67909
0.45121 3.5455 -0.23458 3.5161 -0.29545 4.9364 0.39034 4.9658 -1.6427 -1.0336
1.0606 1.0796 0.44212 0.47273 -0.55027 1.484 0.068182 2.0909 -1.7245 -0.91545
-0.35788 4.8 1.4634 3.7783 1.8785 4.5182 0.057181 5.5399 -1.6518 -0.96636
2.9421 3.1909 1.6085 3.7327 1.9395 4.5476 3.2732 4.0058 -1.6518 -0.97909
2.1058 2.9636 1.3099 3.3849 1.4864 3.7182 2.2822 3.2969 -1.6245 -1.2609
2.333 2.8545 1.5878 2.4519 0.73182 4.0364 1.4771 4.439 -1.6427 -0.97
1.1773 1.1 -0.22273 1.5273 0.022727 2.3273 1.4227 1.9 -1.5791 -0.90273
-1.7306 2.3364 -0.90945 2.1192 -0.58515 3.3455 -1.4063 3.5626 -1.7973 -0.97
-1.44 3.8465 0.37178 3.2502 0.62394 4.0182 -1.1878 4.6145 -1.7973 -0.97909
0.20559 1.4281 -0.5786 1.0043 -1.4852 2.6818 -0.70096 3.1056 -1.5336 -0.79727
-2.2588 3.1538 -1.0852 3.2364 -1.1491 4.1462 -2.3227 4.0636 -1.5427 -0.76091
0.64091 4.2091 1.6578 3.2385 2.133 3.7364 1.1162 4.707 -1.5609 -0.78818
0.74091 3.6909 -0.52273 3.4 -0.74091 4.3364 0.52273 4.6273 -1.5791 -0.73
0.31485 1.4545 -0.5542 1.1497 -1.1769 2.901 -0.30785 3.2059 -1.57 -0.76091
1.8227 1.4383 0.83294 0.9903 0.54203 1.6338 1.5318 2.0818 -1.5973 -0.97909
0.86818 1.1636 0.022727 1.2 0.10455 3.0273 0.95 2.9909 -1.5791 -0.84273
2.2682 2.9273 1.4955 2.4364 0.61364 3.8091 1.3864 4.3 -1.5427 -0.75182
-0.72175 2.1967 0.57848 1.6327 0.91508 2.4088 -0.38515 2.9727 -1.5336 -0.75182
1.5409 1.2 0.77727 0.59091 -0.040909 1.6182 0.72273 2.2273 -1.5864 -0.75909
1.7045 3.5273 0.30295 2.4806 -0.26734 3.2451 1.1342 4.2917 -1.5318 -0.75909
-1.1045 1.2727 0.24091 1.2455 0.26818 2.4273 -1.0773 2.4545 -1.5843 -0.84798
0.27 2.4982 -0.40249 1.979 -1.3209 3.2255 -0.64842 3.7446 -1.3864 -0.65909
0.72273 4.9 1.8227 4.1182 2.3318 4.8364 1.2318 5.6182 -1.4664 -0.74455
0.55 2.0182 -1.2682 1.4636 -1.5227 2.3091 0.29545 2.8636 -1.39 -0.60818
1.5754 2.3981 0.31545 2.0473 0.072897 2.9183 1.3328 3.2691 -1.4355 -0.68091
1.9318 1.9909 0.94401 2.3647 1.1441 2.8935 2.1319 2.5198 -1.5445 -0.76273
-0.62273 2.0182 0.80455 1.9273 0.85 2.6545 -0.57727 2.7455 -1.4391 -0.71727
0.47085 2.6812 -0.34023 2.2809 -0.99017 3.5979 -0.17909 3.9982 -1.2991 -0.50818
-1.6318 3.1455 -0.22273 3.5 -0.49545 4.5727 -1.9045 4.2182 -1.35 -0.64091
0.70772 0.88174 -0.088949 0.8346 -0.17395 2.271 0.62273 2.3182 -1.4136 -0.64091
-1.0955 1.5545 -0.073522 0.63743 0.42739 1.1956 -0.59454 2.1127 -1.3773 -0.55
-0.0090485 3.982 1.3079 3.3167 1.691 4.0705 0.37404 4.7358 -1.4682 -0.75
-1.6845 3.3555 -0.32273 2.8818 -0.041139 3.6914 -1.4029 4.165 -1.3864 -0.63182
-0.73182 1.3636 0.079233 1.5447 -0.32273 3.3455 -1.1338 3.1644 -1.3864 -0.69545
1.3046 1.0817 -0.35909 0.40909 -0.63747 1.0977 1.0262 1.7703 -1.3136 -0.53182
-0.41561 2.951 0.43182 2.9091 0.5247 4.7853 -0.32273 4.8273 -1.4682 -0.78636
0.8818 0.67343 0.014601 0.30306 -0.45 1.3909 0.4172 1.7613 -1.4955 -0.66818
-2.7318 2.8 -1.8773 2.5091 -1.3773 3.9818 -2.2318 4.2727 -1.4318 -0.75909
-1.1955 1.6091 -0.30455 1.1727 0.68636 3.1818 -0.20455 3.6182 -1.4136 -0.73182
-0.46775 0.93763 0.27727 0.57273 1.1405 2.3351 0.39545 2.7 -1.3955 -0.71364
-0.37727 3.3727 -1.6864 2.2273 -2.1682 2.7818 -0.85909 3.9273 -1.4136 -0.62273
-0.47727 3.0455 1.1682 1.8364 1.5591 2.3636 -0.086364 3.5727 -1.3864 -0.59545
-0.99545 0.34545 -0.32273 0.054545 0.20455 1.2727 -0.46818 1.5636 -1.4045 -0.68636
-0.91364 1.0273 -0.22273 0.63636 0.55909 2.0364 -0.13182 2.4273 -1.3136 -0.52273
-0.44091 1.2091 0.26818 0.87273 0.90455 2.2091 0.19545 2.5455 -1.3591 -0.54091
1.5318 1.9 1.0045 1.3818 -0.26818 2.6636 0.25909 3.1818 -1.3864 -0.56818
-0.18636 2.7727 -1.6591 1.9727 -1.9864 2.5727 -0.51364 3.3727 -1.2864 -0.48636
2.3318 2.3091 0.83831 2.1167 0.74589 2.8653 2.2394 3.0577 -0.95 -0.17727
-1.4773 2.4273 -0.95909 2.1364 -0.25 3.3909 -0.76818 3.6818 -0.85909 -0.05
-2.4682 3.3091 -0.86818 3.2909 -0.85909 4.0545 -2.4591 4.0727 -0.85 -0.05
-1.0318 1.7818 0.087842 1.1279 0.45909 1.7636 -0.66057 2.4175 -0.91364 -0.18636
2.7651 2.4992 2.0382 2.1001 1.05 3.9 1.7769 4.2991 -1.0136 -0.29545
0.15646 3.2308 -0.72074 3.1242 -0.94091 4.9364 -0.063713 5.0429 -0.97727 -0.3
-1.0814 0.52683 -0.21833 0.44836 0.059091 3.5 -0.80402 3.5785 -0.62273 0.11364
-0.28048 1.2908 0.50785 0.75629 1.4202 2.1019 0.63182 2.6364 -0.98636 -0.17727
-0.65 3.5818 0.67593 2.604 1.2609 3.3972 -0.065077 4.375 -0.97727 -0.17727
0.04355 2.8929 0.87653 2.4956 1.85 4.5364 1.017 4.9337 -0.97727 -0.23182
-1.1778 4.5017 0.67985 3.3087 1.1869 4.0983 -0.67076 5.2913 -0.84091 -0.077273
-0.3879 3.5446 -1.6318 2.9182 -1.9848 3.6372 -0.74091 4.2636 -1.0136 -0.3
-1.45 3.3909 0.32347 3.4247 0.30675 4.3026 -1.4667 4.2689 -0.93182 -0.16818
-0.90455 2.0273 0.39498 1.6912 0.58182 2.4136 -0.71771 2.7497 -0.90455 -0.12273
-0.42273 4.3 0.75093 3.6311 1.2409 4.4909 0.067249 5.1598 -0.92273 -0.17727
-2.2288 3.0865 -1.5802 2.7982 -0.7288 4.7138 -1.3774 5.0021 -0.92273 -0.15
-0.42985 1.7445 0.5884 1.0591 1.0136 1.6909 -0.0046102 2.3763 -0.93182 -0.22273
0.48525 2.8389 1.0773 2.5182 1.7471 3.7548 1.1551 4.0755 -1.0409 -0.19545
0.69545 2.4727 1.5703 1.6733 2.0682 2.2182 1.1934 3.0176 -1.0227 -0.3
-1.7032 4.0205 -0.57727 3.0091 -0.0254 3.6193 -1.1513 4.6308 -1.0409 -0.3
-1.0682 1.5818 0.37485 0.63198 0.88636 1.4091 -0.55666 2.3589 -0.95909 -0.20455
-0.65909 1.1091 0.081356 1.0786 0.16361 3.0733 -0.57683 3.1038 -0.99545 -0.15909
0.81191 3.5208 1.4464 3.2941 1.9682 4.7545 1.3336 4.9812 -0.89545 0.12273
1.5409 4.4728 0.059091 3.5455 -0.37797 4.2438 1.1039 5.1712 -1.5136 -0.81364
0.059091 1.4818 -0.59545 1.0636 -1.6604 2.7305 -1.0058 3.1487 -1.5591 -0.80455
2.1245 1.9286 0.23729 1.2656 -0.059091 2.1091 1.8281 2.7722 -1.4591 -0.79545
-0.84688 1.6532 -0.085222 1.7414 -0.32585 3.8195 -1.0875 3.7314 -1.45 -0.3
-1.9136 3.2909 -1.2955 2.9364 -0.48636 4.3636 -1.1045 4.7182 -0.89545 -0.12273
-1.2243 1.9648 0.14091 1.6364 0.34165 2.4707 -1.0235 2.7992 -1.4227 -0.68636
1.9761 2.1004 1.1955 1.5455 0.58068 2.4103 1.3613 2.9652 -1.35 -0.49545
0.20455 2.2909 -0.97744 1.4596 -1.5045 2.2091 -0.32256 3.0404 -1.3773 -0.67727
1.4838 1.3328 0.88636 0.82727 0.15537 1.7045 0.75279 2.21 -1.3864 -0.65
-2.4136 1.9545 -0.71051 1.6404 -0.529 2.6244 -2.2321 2.9385 -1.3955 -0.72273
1.0045 1.0182 0.0045455 1.4182 0.40455 2.4182 1.4045 2.0182 -1.4591 -0.69545
0.97727 0.64545 0.22273 0.49091 0.031818 1.4364 0.78636 1.5909 -1.3773 -0.69545
-1.1944 1.2302 0.60455 1.5455 0.42917 2.5461 -1.3697 2.2308 -1.4136 -0.55
-0.99545 1.4455 0.05699 0.42539 0.78391 1.1754 -0.26854 2.1954 -1.3773 -0.58636
2.2682 1.8727 1.474 1.5333 0.77388 3.1712 1.568 3.5107 -1.3409 -0.78636
0.05 1.6545 1.3402 0.73707 1.9409 1.5818 0.65071 2.4993 -1.4409 -0.54091
-1.0288 1.6022 0.97727 1.3182 1.1283 2.3901 -0.8778 2.6742 -1.3864 -0.49545
1.4318 1.3909 0.7266 0.84139 -0.20455 2.0364 0.50067 2.5859 -1.4136 -0.44091
-1.4136 1.3455 0.73182 0.92727 0.95 2.0636 -1.1955 2.4818 -1.5682 -0.57727
1.6408 1.7094 0.82178 1.2289 0.021934 2.5923 0.84091 3.0727 -1.3864 -0.3
-0.94263 1.6293 0.26818 0.70909 0.86082 1.4889 -0.35 2.4091 -1.7318 -0.77727
-1.4504 0.97947 -0.22371 0.5458 0.11364 1.5 -1.113 1.9337 -1.5955 -0.70455
0.60803 3.5999 0.031818 3.3182 -0.21713 3.8274 0.35909 4.1091 -1.4955 -1.1318
1.3318 1.1182 -0.40515 1.1839 -0.37387 2.0107 1.3631 1.945 -1.4591 -0.75909
-0.85803 1.89 0.97727 1.8273 0.9944 2.3282 -0.84091 2.3909 -1.4136 -0.70455
-1.8 1.1955 -1.2545 0.96818 -0.86364 1.8955 -1.4091 2.1227 -1.3955 -0.88636
-0.74949 2.7245 0.91827 2.248 1.0682 2.7727 -0.59957 3.2492 -1.4409 -0.91364
1.8599 1.4093 1.2745 0.88604 0.20538 2.0821 0.79076 2.6053 -1.5318 -0.82273
1.5959 1.8604 1.2136 1.5636 0.53201 2.4417 0.9143 2.7384 -1.2 -0.77727
-1.135 1.1474 -0.28349 0.64588 0.73792 2.3803 -0.11364 2.8818 -1.3591 -0.45909
0.74091 0.65455 0.35432 0.86441 0.56303 1.252 0.94962 1.0422 -1.3864 -0.65
-0.3693 1.2122 0.50608 0.87359 1.289 2.8978 0.41364 3.2364 -1.3773 -0.56818
1.0064 3.908 1.5682 3.5273 2.4989 4.9006 1.9371 5.2813 -1.2409 -0.41364
-1.1864 2.7273 -0.11308 1.8352 0.46859 2.5428 -0.6047 3.4349 -1.4591 -0.77727
-1.4136 2.6273 -0.15 1.8545 0.22273 2.4727 -1.0409 3.2455 -1.3864 -0.66818
1.7048 1.6861 1.0409 1.3636 0.50429 2.4684 1.1682 2.7909 -1.3955 -0.71364
-1.3318 1.5909 0.49973 1.2595 0.68636 2.2909 -1.1452 2.6223 -1.4591 -0.65909
-1.7082 0.35467 -0.63182 1.3273 -1.3464 2.1181 -2.4227 1.1455 -1.4409 -0.3
-0.51364 1.9545 0.83535 1.1789 1.2491 1.8994 -0.099897 2.6751 -1.3864 -0.60455
0.59545 3.5455 1.55 2.6727 1.9227 3.0818 0.96818 3.9545 -1.2955 -0.58636
1.2864 2.9455 -0.74091 2.6091 -0.89545 3.5273 1.1318 3.8636 -1.3217 -0.3
-1.87 4.56 -0.29 4.6 -0.31 5.76 -1.89 5.72 -1.9633 -1.0633
-2.21 2.5 -1.51 2.48 -1.49 3.8 -2.19 3.82 -1.9833 -1.1433
-0.42273 3.9727 1.15 3.1818 1.5773 4.0364 0.0045455 4.8273 -1.7217 -0.98535
-1.9682 2.0727 -1.0955 1.6545 -0.21364 3.5091 -1.0864 3.9273 -1.7126 -0.89444
-1.3318 2.9273 0.53182 1.4 1.1773 2.1909 -0.68636 3.7182 -1.349 -0.56717
1.8498 2.0643 0.56245 1.2165 0.16264 1.825 1.45 2.6727 -1.6126 -0.67626
-1.2933 2.0121 -0.82197 1.5539 0.38694 2.7898 -0.084435 3.248 -1.2902 -0.58936
-0.20267 1.756 0.44891 1.3943 1.3472 3.0132 0.69564 3.3749 -1.2266 -0.51497
-0.62946 1.1594 0.12879 1.1649 0.11474 3.0328 -0.64352 3.0272 -1.2318 -0.55531
0.25106 2.5949 -1.3757 2.0753 -1.5485 2.6172 0.07825 3.1369 -1.2411 -0.51313
-1.2485 1.5323 0.22403 1.9074 0.03168 2.6641 -1.4408 2.2889 -1.2819 -0.49581
-0.44409 2.5306 1.0188 1.5355 1.4045 2.1026 -0.058462 3.0977 -1.1509 -0.31108
1.3251 1.4681 0.75123 1.3838 0.47488 3.327 1.0487 3.4114 -1.1671 -0.45581
0.49131 2.2826 -0.083546 1.7201 -1.4966 3.1654 -0.92178 3.7279 -1.2369 -0.53643
-0.91381 2.5546 0.59461 2.5479 0.59732 3.1091 -0.9111 3.1158 -1.2946 -0.48763
-0.20325 0.84246 0.43188 0.33994 1.74 1.9933 1.1049 2.4958 -1.4326 -0.51446
-1.0195 4.1583 0.59776 2.9288 1.2256 3.7545 -0.3917 4.9841 -1.3792 -0.3
1.2702 2.6581 0.42065 2.1857 -0.70455 4.2091 0.14498 4.6815 -1.2682 -0.37727
-0.61364 4.5182 -2.0993 3.6883 -2.6136 4.6091 -1.128 5.439 -1.2955 -0.43182
-1.5815 2.6603 0.45 2.2636 0.59933 3.0285 -1.4321 3.4251 -1.6409 -0.76818
1.1955 2.9091 -0.64834 1.9539 -1.0893 2.7912 0.75452 3.7464 -1.2 -0.37727
-1.8227 1.3364 -1.0955 0.75455 0.05 2.1909 -0.67727 2.7727 -1.1591 -0.36818
0.95909 3.2636 2.2778 2.3645 2.8227 3.1636 1.504 4.0628 -1.1682 -0.22273
0.084378 2.6492 1.4012 1.3794 1.9411 1.9393 0.62428 3.2091 -1.2184 -0.3
-1.4773 2.2636 -0.82273 1.6455 0.52273 3.0818 -0.13182 3.7 -1.2 -0.40455
0.89545 0.65455 -0.52273 0.83636 -0.022727 4.8273 1.3955 4.6455 -1.3318 -0.46818
2.7409 2.9818 -0.054214 3.1056 -0.0043822 4.2268 2.7907 4.103 -1.3045 -0.3
-2.2594 2.0206 -1.2927 1.2863 0.13483 3.1658 -0.83182 3.9 -1.2 -0.3
0.95 2.1636 0.24091 1.5727 -1.0955 3.1727 -0.38636 3.7636 -1.2234 -0.36775
-1.4241 3.1149 0.10455 1.6818 0.67733 2.2909 -0.8513 3.7239 -1.2136 -0.39603
-2.2087 2.4364 -0.27472 2.8583 -0.43572 3.5828 -2.3697 3.1609 -1.2506 -0.36739
-1.4909 3.2909 0.58327 2.4289 0.87727 3.1364 -1.1969 3.9984 -1.2 -0.3
-0.040909 0.9 0.61364 0.6 1.0955 1.6364 0.44091 1.9364 -1.2 -0.3
-1.9818 1.6704 -1.1394 1.563 -0.8683 3.6637 -1.7108 3.7711 -1.2415 -0.34113
0.19545 4.5455 -1.7227 3.0182 -2.1864 3.6 -0.26818 5.1273 -1.3773 -0.46818
-1.8227 2.9636 -1.1682 2.3818 -0.031818 3.6455 -0.68636 4.2273 -1.2688 -0.51285
1.7318 1.8455 0.56818 0.75455 -0.05 1.4091 1.1136 2.5 -1.269 -0.48718
0.20455 1.5364 0.96818 0.97273 2.0409 2.4364 1.2773 3 -1.2 -0.3
-1.9409 1.6727 -0.40455 0.61818 0.12273 1.3909 -1.4136 2.4455 -1.2 -0.3
-2.0955 3.9909 -0.10982 3.9801 -0.10455 4.9455 -2.0902 4.9563 -1.2 -0.43182
-1.2128 1.3494 -0.56337 0.95181 0.31918 2.3933 -0.33027 2.7909 -1.2143 -0.40517
0.37468 2.4916 1.5409 1.7545 1.9544 2.4142 0.7882 3.1513 -1.2 -0.42196
-0.99052 3.1975 1.1299 2.4273 1.4414 3.277 -0.67896 4.0472 -1.347 -0.48333
-1.3675 3.1572 0.47838 2.0091 0.96735 2.7891 -0.87857 3.9372 -1.2913 -0.82879
-1.1489 2.9727 0.32171 2.7411 0.46369 3.6424 -1.0069 3.874 -1.3015 -0.26515
-1.9067 1.2727 -0.73893 0.31814 -0.32273 0.82727 -1.4905 1.7819 -1.4592 -0.48645
1.5207 2.7145 0.78636 2.0545 -0.33498 3.3078 0.3993 3.9677 -1.4046 -0.40463
0.93182 1.1364 0.12002 1.3393 0.51474 2.9182 1.3265 2.7152 -1.3379 -0.3197
0.69799 3.0455 -0.75656 1.5636 -1.3566 2.1909 0.09799 3.6727 -1.3142 -0.61285
1.0027 1.1635 0.21171 0.87273 -0.048296 1.5799 0.74266 1.8707 -1.3652 -0.51061
-1.5065 2.6545 -0.8164 2.8053 -0.97011 3.5091 -1.6602 3.3584 -1.3742 -0.48333
-0.97284 1.6295 -0.23071 1.1091 1.183 3.125 0.44091 3.6455 -1.3833 -0.028788
1.3797 1.7428 0.83182 1.3 -0.68829 3.169 -0.1404 3.6118 -1.2781 -0.39491
-0.068182 2.7818 1.3409 1.4636 1.9591 2.1273 0.55 3.4455 -1.2682 -0.3
2.0576 2.0091 0.5533 1.6717 0.37582 2.3909 1.8802 2.7283 -1.2 -0.45966
0.015779 1.3956 -0.78047 1.1335 -1.4553 3.1833 -0.65909 3.4455 -1.3235 -0.45854
1.6409 3.3 0.19545 2.4182 -0.20455 3.0818 1.2409 3.9636 -1.3682 -0.56818
-0.1847 1.6183 0.55956 1.3321 1.1435 2.8545 0.39926 3.1408 -1.3145 -0.48557
-1.0558 2.4463 -0.37498 1.8909 1.115 3.7173 0.43411 4.2727 -1.3233 -0.48557
0.85939 1.9455 -0.77224 1.9352 -0.7771 2.7083 0.85453 2.7186 -1.2963 -0.404
-0.59794 3.1235 0.78363 1.9 1.4391 2.6401 0.057505 3.8636 -1.2417 -0.36764
0.027215 1.0601 0.77266 0.7176 1.4657 2.2259 0.72022 2.5684 -1.3235 -0.47785
-1.0761 2.4386 0.85655 2.5 0.83688 3.183 -1.0958 3.1216 -1.3145 -0.44921
-1.2029 1.8909 0.76752 1.5367 0.91428 2.353 -1.0561 2.7072 -1.2506 -0.4583
-1.0896 1.764 0.36818 0.86364 0.74414 1.4723 -0.71364 2.3727 -1.2409 -0.24091
-1.752 1.7549 0.04224 1.4468 0.16238 2.1465 -1.6318 2.4545 -1.3227 -0.35909
0.97727 0.19091 0.062853 0.94988 0.45974 1.4303 1.3742 0.67135 -1.1318 -0.20455
